1 0.15833667812500002 0.6926496 0.163946821875 0.7022674984374999 0.1548211453125 0.7512192625 0.1921825671875 0.747274371875 0.198731134375 0.700024153125 0.2275352484375 0.6943281375 0.24737570625 0.6627255937500001 0.3077460703125 0.6465494031250001 0.30627913125 0.6297552671875 0.30029893125 0.626302596875 0.1399401515625 0.6692706015625001 0.13813944843749998 0.688962325 0.14462515468749998 0.69430156875 0.15833667812500002 0.6926496
1 0.4883153625 0.5658136265625 0.36605811718750003 0.5925062859375 0.346822321875 0.603726571875 0.3482892625 0.620520709375 0.3394973484375 0.6329866140625 0.357622975 0.6402620109375 0.35668455 0.6971301265625 0.3655623359375 0.7038504375 0.40775749531249994 0.6915332671875001 0.40307249218749996 0.6665023015625 0.4067597671875 0.646305071875 0.4458723125 0.6338028734375001 0.44955958906250004 0.6136056453125 0.45678540625 0.6066144328124999 0.5072173953125 0.5910791984375 0.5125566390625 0.58459349375 0.5126557953125 0.5623246625 0.5000048625 0.5566153625 0.4883153625 0.5658136265625
1 0.5541171296875 0.5570790015625 0.5642695671875 0.5776119375000001 0.6081662718749999 0.5678718734375 0.6317170140624999 0.58784778125 0.6670564125 0.57635659375 0.688535553125 0.5999206203125 0.6925796 0.6150132125 0.7005302999999999 0.6145004468749999 0.7318474265625 0.6061090484375 0.7384199578125 0.5989436265625 0.7340461828125 0.5826204749999999 0.708980671875 0.5479358203125 0.72123160625 0.5347958265625 0.7211077578125 0.534333615625 0.7105963453124999 0.5313267109375001 0.7108309515625 0.5171096828125 0.6995610875 0.509008303125 0.556686978125 0.549313328125 0.553510521875 0.5548151125 0.5541171296875 0.5570790015625
1 0.783248559375 0.538348121875 0.77789603125 0.5862888734375 0.788154884375 0.5906171062500001 0.8233092546874999 0.5822085328125 0.830363328125 0.5368448875 0.8586619375 0.5292622984375 0.8681939625 0.5044659390625 0.8997602125 0.4939857640625 0.8952602375 0.4658721828125 0.7817453265625 0.491233353125 0.7696857703125 0.5065968437499999 0.7763069265625 0.5199878890625 0.7584522 0.5288160953125 0.783248559375 0.538348121875
1 0.7758678421874999 0.31082607812499996 0.7682719687499999 0.32398251718750004 0.773832534375 0.3447348296875 0.7914526546875 0.3501236515625 0.793474678125 0.35766994687500003 0.7915252421875001 0.410764915625 0.8283811578125 0.40493345 0.8354219484375 0.401024853125 0.8363107937500001 0.3552911515625 0.883475140625 0.342653503125 0.8809971890625 0.32208621875 0.88822300625 0.3150950078125 0.9321197124999999 0.30535494375 0.9369534500000001 0.296982665625 0.930381871875 0.2724572046875 0.9244016734375 0.269004534375 0.7758678421874999 0.31082607812499996
1 0.7231054734375 0.37652531875 0.7318973875 0.36405941406250003 0.720948 0.36092722187500004 0.7187905265625 0.345329125 0.6025134796875 0.3754744546875 0.6029694078125 0.38849544375 0.6123526984375001 0.397102328125 0.6234871140625 0.39715190625 0.6299232406249999 0.413625565625 0.6444607484375 0.418829359375 0.682192225 0.408719240625 0.7027958046875 0.4365619203125 0.7285173046875 0.430680878125 0.74227840625 0.4178944953125 0.7231054734375 0.37652531875
1 0.410807375 0.5067118890625 0.45760166562500004 0.50023946875 0.4646557390625 0.4548758234375 0.49810856406250004 0.4438901421875 0.5090216578125 0.41670170312500004 0.56322679375 0.40015545625 0.5671849703125 0.39606183125 0.5611188984375 0.37342294374999996 0.410378015625 0.41078080625 0.4016719734375 0.442432928125 0.41376782343749996 0.45739006875 0.410807375 0.5067118890625
1 0.25622075781250003 0.48443949999999997 0.24566443593749998 0.546917759375 0.262088515625 0.551616046875 0.277871640625 0.5463759593749999 0.2888343125 0.5080531046875 0.3303389390625 0.49693197343750006 0.342583521875 0.47848586875 0.3435086625 0.46307280000000006 0.3656420421875 0.4551201546875 0.3660616765625 0.4378205125 0.28701060156249997 0.45596914843749997 0.27858874375 0.462269825 0.27872419375 0.4703216265625 0.25622075781250003 0.48443949999999997
1 0.22241116249999998 0.46013536093749996 0.1982061796875 0.4716761265625 0.06941365000000001 0.50416395625 0.0451095109375 0.5379735515624999 0.0337272046875 0.59359605 0.037080718750000005 0.60988468125 0.0595345765625 0.6069012234375 0.07311065 0.5971974546875 0.07565146406249999 0.5651752765625 0.1101153 0.55796274375 0.11877176406250001 0.5374450359375 0.132162809375 0.53082388125 0.13308795 0.5154108125 0.16704627968750002 0.5063117046875 0.17395161875 0.49435130625 0.2248891140625 0.4807026453125 0.22241116249999998 0.46013536093749996
1 0 0.37603661875 0.012585385937499999 0.378860390625 0.01201701875 0.429563278125 0.0241624453125 0.43338600468750005 0.0517705203125 0.4269994546875 0.060192376562500004 0.42069877812499995 0.062597740625 0.3806247984375 0.094163990625 0.3701446234375 0.10369601718749999 0.34534826406249997 0.159787728125 0.3282965109375 0.153401178125 0.30068843749999996 0.14364783125 0.298246778125 0.03712413125 0.330833765625 0.0091955796875 0.3322511265625 0 0.343421215625 0 0.34978299687500003 0.0042626859375 0.3628922375 0 0.3640344203125 0 0.37603661875
1 0.3418735375 0.25322045625 0.23861748125 0.28290985625 0.211600784375 0.31036919687500003 0.1968649640625 0.34970306406249996 0.196025696875 0.38430235 0.20389247031250002 0.38724951406249997 0.2309950375 0.378976390625 0.2390601234375 0.33738589375 0.25755580624999996 0.3384960609375 0.2796891875 0.330543415625 0.2864590765625 0.310531215625 0.29607697499999996 0.304921071875 0.295115540625 0.290013509375 0.3450420234375 0.2725917 0.35088677343749997 0.26799256875 0.34785373750000004 0.256673125 0.3418735375 0.25322045625
1 0.3931678046875 0.274861615625 0.38252561093750004 0.3181536578125 0.3915388453125 0.33292577031250004 0.41210613125 0.33044781875 0.42140354999999996 0.3198684875 0.4235743078125 0.2940115375 0.4463486453125 0.29599726875 0.462822303125 0.289561140625 0.484413884375 0.2494012890625 0.506547265625 0.24144864375 0.50457481875 0.22276793281249999 0.40955559218750004 0.2492392703125 0.41415472343750004 0.2550840203125 0.3931678046875 0.274861615625
1 0.7010494031250001 0.1862989171875 0.6832442546874999 0.183992709375 0.679015178125 0.1719827328125 0.6601990171875001 0.1659033765625 0.58436600625 0.1922888421875 0.5248712046875 0.2041863796875 0.521418534375 0.210166578125 0.5239460640625 0.21959944843749998 0.5318128375 0.22254661250000002 0.6087923109375 0.20798609531249998 0.6232802390625001 0.2243243046875 0.6351051890625 0.2231778421875 0.6461900265625 0.2343618359375 0.6566339078125 0.2356074546875 0.673613071875 0.2310579 0.689445775 0.2146833984375 0.701221146875 0.2246713515625 0.7077927234375 0.2491968125 0.74294709375 0.24078823906250002 0.741110096875 0.23015932968750002 0.7010494031250001 0.1862989171875
1 0.7389555140625 0.154201653125 0.7402196265625001 0.1589193890625 0.746029315625 0.177582925 0.8050186125 0.163798815625 0.8227741828124999 0.1772394390625 0.8491862171875001 0.17016235468750002 0.8789369 0.21082035625 0.8841900453125 0.2094127796875 0.905585121875 0.1995348375 0.9116618203125 0.1890096859375 0.9114912125 0.18837296718750002 0.8871027234375 0.15696962187500002 0.8845751937499999 0.147536753125 0.8957591875 0.136451915625 0.8824177203125 0.13193865625 0.8752910578125 0.11666103750000001 0.7389555140625 0.154201653125
1 0.049279534375 0.19584188593750002 0.0632619578125 0.21029352031249998 0.10665315625 0.198666884375 0.13126357500000002 0.23483834531249997 0.13589591875 0.23359711249999998 0.1678857984375 0.21966708750000002 0.16181972656250002 0.19702820000000001 0.1406610640625 0.1784333609375 0.1420917109375 0.164906865625 0.15258303125 0.1572739765625 0.1511598375 0.1519625453125 0.1466545484375 0.14043098437499998 0.13828226875 0.13559724687500002 0.0071031703125 0.175780128125 0.012820765625 0.1971184828125 0.018083340625 0.2001568328125 0.049279534375 0.19584188593750002
1 0.21786872812500002 0.1337846484375 0.206684734375 0.1448694859375 0.2243048546875 0.1502583078125 0.226326878125 0.157804603125 0.2195932828125 0.20813743593749998 0.2255734828125 0.2115901046875 0.2569547046875 0.20419254375 0.26348998749999997 0.1983973734375 0.2705440625 0.153033728125 0.29971823125 0.14117248437500002 0.3135289109375 0.11725168593749999 0.37339376875 0.099188921875 0.3704103125 0.0767350640625 0.3625435390625 0.07378789999999999 0.233751009375 0.10627573125 0.20508234375 0.12002354687500001 0.21786872812500002 0.1337846484375
1 0.4424073125 0.1039500734375 0.437153940625 0.12962199531250002 0.44220899999999996 0.148487734375 0.4500757734375 0.1514348984375 0.48095149062500003 0.1421507625 0.4866244953125 0.099179196875 0.52297490625 0.0914611578125 0.52169299375 0.0715844078125 0.5664652609374999 0.057565690625 0.5619652859375 0.029452110937499998 0.5559850859375 0.025999440625 0.41964626093749996 0.0605092953125 0.426032809375 0.0881173703125 0.43937427656250005 0.0926306296875 0.4424073125 0.1039500734375
1 0.6551003140625 0 0.6271693875000001 0.004903640625 0.6127177515625 0.0188860640625 0.6188334015625 0.0303905359375 0.607143903125 0.0395887984375 0.620670396875 0.0410194453125 0.627661609375 0.048245262500000004 0.625712171875 0.10134023125 0.668227809375 0.09399224843750001 0.673395309375 0.049134109375 0.7011884125 0.0396649453125 0.7093393703124999 0.017260665624999998 0.7672718374999999 0 0.6551003140625 0