1 0.2763671875 0.591796875 0.279296875 0.5751953125 0.2744140625 0.5703125 0.1083984375 0.5703125 0.1015625 0.5888671875 0.1064453125 0.595703125 0.1201171875 0.59765625 0.123046875 0.6083984375 0.1015625 0.6533203125 0.138671875 0.6591796875 0.1572265625 0.615234375 0.1865234375 0.6171875 0.2138671875 0.591796875 0.2763671875 0.591796875
1 0.421875 0.5966796875 0.4306640625 0.591796875 0.4833984375 0.58984375 0.490234375 0.5849609375 0.49609375 0.5634765625 0.4853515625 0.5546875 0.4716796875 0.560546875 0.3466796875 0.5546875 0.3251953125 0.560546875 0.322265625 0.5771484375 0.310546875 0.5869140625 0.326171875 0.5986328125 0.310546875 0.6533203125 0.3173828125 0.662109375 0.361328125 0.6611328125 0.36328125 0.6357421875 0.3720703125 0.6171875 0.4130859375 0.615234375 0.421875 0.5966796875
1 0.6376953125 0.619140625 0.6552734375 0.59375 0.7001953125 0.591796875 0.705078125 0.5673828125 0.7001953125 0.5625 0.5517578125 0.560546875 0.54296875 0.5712890625 0.546875 0.5849609375 0.537109375 0.5908203125 0.552734375 0.6005859375 0.537109375 0.6416015625 0.537109375 0.6572265625 0.5478515625 0.6640625 0.576171875 0.6630859375 0.5859375 0.6611328125 0.5859375 0.6455078125 0.6005859375 0.6171875 0.6376953125 0.619140625
1 0.8876953125 0.59765625 0.890625 0.5693359375 0.7744140625 0.564453125 0.7587890625 0.576171875 0.76171875 0.5908203125 0.7421875 0.5947265625 0.763671875 0.6103515625 0.74609375 0.6552734375 0.7548828125 0.662109375 0.791015625 0.6630859375 0.8095703125 0.62109375 0.8388671875 0.62109375 0.8544921875 0.599609375 0.8876953125 0.59765625
1 0.9140625 0.4267578125 0.9228515625 0.421875 0.9677734375 0.423828125 0.974609375 0.4169921875 0.974609375 0.3916015625 0.9697265625 0.38671875 0.8154296875 0.388671875 0.8046875 0.3994140625 0.8046875 0.4208984375 0.8203125 0.4306640625 0.8203125 0.4384765625 0.8046875 0.4892578125 0.841796875 0.4931640625 0.849609375 0.4912109375 0.8623046875 0.447265625 0.9111328125 0.447265625 0.9140625 0.4267578125
1 0.7421875 0.4326171875 0.7529296875 0.4296875 0.759765625 0.4189453125 0.7568359375 0.40625 0.63671875 0.4072265625 0.638671875 0.4228515625 0.62890625 0.4287109375 0.640625 0.4384765625 0.6328125 0.4833984375 0.6494140625 0.4921875 0.67578125 0.4912109375 0.6884765625 0.458984375 0.7275390625 0.458984375 0.740234375 0.4501953125 0.7421875 0.4326171875
1 0.5869140625 0.419921875 0.591796875 0.4169921875 0.591796875 0.3935546875 0.4365234375 0.390625 0.419921875 0.4189453125 0.427734375 0.4365234375 0.412109375 0.4833984375 0.458984375 0.4892578125 0.4775390625 0.447265625 0.5126953125 0.4453125 0.5302734375 0.421875 0.5869140625 0.419921875
1 0.3583984375 0.423828125 0.3818359375 0.421875 0.38671875 0.4052734375 0.3056640625 0.40234375 0.2958984375 0.40625 0.2939453125 0.4140625 0.2685546875 0.421875 0.2421875 0.4794921875 0.2568359375 0.48828125 0.2734375 0.4873046875 0.2939453125 0.453125 0.3369140625 0.453125 0.353515625 0.4384765625 0.3583984375 0.423828125
1 0.1220703125 0.4375 0.13671875 0.4345703125 0.1416015625 0.419921875 0.1767578125 0.419921875 0.1865234375 0.41015625 0.2392578125 0.41015625 0.2421875 0.3896484375 0.2158203125 0.39453125 0.0830078125 0.392578125 0.05078125 0.4189453125 0.025390625 0.4697265625 0.0244140625 0.486328125 0.046875 0.4892578125 0.0625 0.4833984375 0.0732421875 0.453125 0.1083984375 0.455078125 0.1220703125 0.4375
1 0.1572265625 0.248046875 0.2158203125 0.24609375 0.216796875 0.2177734375 0.2080078125 0.212890625 0.0966796875 0.216796875 0.0693359375 0.2109375 0.0556640625 0.220703125 0.056640625 0.2392578125 0.0390625 0.2392578125 0.0400390625 0.24609375 0.060546875 0.2568359375 0.046875 0.3056640625 0.0576171875 0.3125 0.0859375 0.3134765625 0.095703125 0.3095703125 0.1083984375 0.271484375 0.1416015625 0.26953125 0.1572265625 0.248046875
1 0.3427734375 0.26171875 0.353515625 0.2587890625 0.3564453125 0.244140625 0.4091796875 0.240234375 0.416015625 0.2373046875 0.416015625 0.2255859375 0.4111328125 0.220703125 0.3037109375 0.22265625 0.2705078125 0.2421875 0.24609375 0.2763671875 0.236328125 0.3095703125 0.2431640625 0.314453125 0.271484375 0.3134765625 0.2900390625 0.275390625 0.3076171875 0.28125 0.3310546875 0.279296875 0.3427734375 0.26171875
1 0.5185546875 0.287109375 0.5498046875 0.25390625 0.5732421875 0.251953125 0.576171875 0.2333984375 0.4775390625 0.234375 0.48046875 0.2412109375 0.455078125 0.2548828125 0.43359375 0.2939453125 0.4384765625 0.310546875 0.458984375 0.3134765625 0.470703125 0.3056640625 0.4794921875 0.28125 0.5009765625 0.2890625 0.5185546875 0.287109375
1 0.6787109375 0.28515625 0.6884765625 0.28125 0.6962890625 0.267578125 0.7080078125 0.265625 0.7177734375 0.24609375 0.7958984375 0.240234375 0.802734375 0.2353515625 0.802734375 0.2255859375 0.7978515625 0.220703125 0.7373046875 0.224609375 0.6572265625 0.21875 0.640625 0.2294921875 0.6396484375 0.2421875 0.623046875 0.2490234375 0.595703125 0.3017578125 0.5966796875 0.3125 0.6328125 0.3115234375 0.6328125 0.2861328125 0.6416015625 0.2734375 0.6611328125 0.28515625 0.6787109375 0.28515625
1 0.9775390625 0.251953125 0.978515625 0.2275390625 0.8369140625 0.2265625 0.833984375 0.2431640625 0.822265625 0.2509765625 0.8359375 0.2587890625 0.8359375 0.2685546875 0.8203125 0.3056640625 0.8291015625 0.314453125 0.857421875 0.3193359375 0.8759765625 0.271484375 0.9033203125 0.271484375 0.9169921875 0.25390625 0.9775390625 0.251953125
1 0.2490234375 0.0859375 0.25390625 0.0810546875 0.25390625 0.0595703125 0.1162109375 0.0546875 0.109375 0.0615234375 0.107421875 0.0791015625 0.1201171875 0.083984375 0.125 0.0966796875 0.109375 0.1201171875 0.109375 0.1435546875 0.1484375 0.1494140625 0.1630859375 0.107421875 0.2080078125 0.107421875 0.2177734375 0.08984375 0.2490234375 0.0859375
1 0.4189453125 0.08203125 0.4814453125 0.080078125 0.484375 0.0576171875 0.4775390625 0.052734375 0.3447265625 0.05078125 0.3134765625 0.056640625 0.322265625 0.0732421875 0.30859375 0.0810546875 0.32421875 0.0908203125 0.32421875 0.0986328125 0.3046875 0.1455078125 0.3095703125 0.150390625 0.341796875 0.1513671875 0.349609375 0.1474609375 0.3681640625 0.10546875 0.3994140625 0.1015625 0.4189453125 0.08203125
1 0.6787109375 0.08984375 0.681640625 0.0615234375 0.6767578125 0.056640625 0.5361328125 0.0546875 0.53515625 0.0830078125 0.546875 0.0908203125 0.546875 0.1025390625 0.53515625 0.1259765625 0.53515625 0.1455078125 0.5419921875 0.150390625 0.57421875 0.1494140625 0.5908203125 0.109375 0.6279296875 0.111328125 0.6318359375 0.091796875 0.6787109375 0.08984375
1 0.8974609375 0.0859375 0.900390625 0.0595703125 0.8916015625 0.0546875 0.8173828125 0.060546875 0.7509765625 0.0546875 0.7333984375 0.064453125 0.736328125 0.0771484375 0.72265625 0.0830078125 0.7353515625 0.087890625 0.740234375 0.0966796875 0.724609375 0.1474609375 0.767578125 0.1513671875 0.7841796875 0.109375 0.8134765625 0.107421875 0.8271484375 0.087890625 0.8974609375 0.0859375