1 0.179975190625 0.5678624328125 0.2092169078125 0.5705163953125 0.22033776718750003 0.61548550625 0.22880856718749998 0.61682715 0.256853575 0.6168405484374999 0.25733453906250003 0.613803865625 0.24404516250000002 0.5691115 0.2486192296875 0.558959871875 0.26242831718750004 0.5591695453125001 0.266670609375 0.55485823125 0.267550553125 0.549302484375 0.2644712078125 0.533785984375 0.100499509375 0.50781541875 0.0949129734375 0.5118742765625 0.095209534375 0.52872975 0.15694005625000002 0.5385069031249999 0.179975190625 0.5678624328125
1 0.3035587125 0.532956815625 0.3059850515625 0.555093290625 0.3119729875 0.5609853640625 0.36375257968749997 0.571163915625 0.37166959374999997 0.5773615249999999 0.37744785468750003 0.5970626859375 0.4176529734375 0.605408021875 0.4234312359375 0.6251091828125 0.42138834531249997 0.65049274375 0.465542815625 0.6574861249999999 0.4711412015625 0.6522426609374999 0.472164746875 0.645780246875 0.46588891875 0.594261871875 0.481644003125 0.5859305781249999 0.4819826390625 0.583792515625 0.47310797187500003 0.5736530765625 0.4728114109375 0.5567976031249999 0.45250815156249996 0.5476494703125 0.3281305015625 0.5338823984375 0.3155435578125 0.525956409375 0.3035587125 0.532956815625
1 0.5262223359375 0.5741556812499999 0.527145553125 0.5970428203125 0.571208828125 0.6059992296875001 0.5845985687499999 0.633827078125 0.6215566015625 0.6377031843750001 0.6315944203125 0.667966346875 0.6291501312500001 0.683398978125 0.6366220171875 0.6861643843749999 0.6686447249999999 0.6912362828124999 0.677563471875 0.6873636328125 0.680207053125 0.6706727171875 0.6714160890625 0.6287916484375 0.6879523921875 0.6217705703124999 0.6880272484375001 0.6212979453125 0.6796476140625 0.6142756265625 0.6856445234375 0.601383146875 0.6786441171875001 0.5893983015625001 0.53172859375 0.5681066390625 0.5265889796875001 0.5718407875 0.5262223359375 0.5741556812499999
1 0.7431628484374999 0.6502403203125 0.7187738109375 0.6918593078125 0.7263852890625 0.6999859953125 0.761920478125 0.706602953125 0.7868157515624999 0.6680303515625 0.8157519343749999 0.6726133921875 0.8345454609375 0.6538378140625001 0.8676453359374999 0.6571028484375 0.8749692281250001 0.6295895093749999 0.7609528796875 0.6065874171875001 0.7436870328125 0.6157176015625 0.74428913125 0.6306439968750001 0.7243872703124999 0.63144679375 0.7431628484374999 0.6502403203125
1 0.8645781671874999 0.47795255625 0.87249518125 0.484150165625 0.872180671875 0.5048637968749999 0.9204076406249999 0.5125021984375 0.9260720921875001 0.5578924562500001 0.9323712531250001 0.5605709953125 0.9362776390625 0.56118970625 0.9693735718750001 0.5629189734375 0.9700911796874999 0.5583881765625 0.963257746875 0.51039036875 0.9644798921875 0.5026740546874999 0.9799561750000001 0.4961030453125 0.98366461875 0.4726888515625 0.9758716140624999 0.46196270000000006 0.823779925 0.435896271875 0.8181933890625 0.4399551296875 0.8142214187500001 0.465033153125 0.81990381875 0.47285430625 0.8645781671874999 0.47795255625
1 0.6384712671874999 0.4497540046875 0.648518059375 0.4612326140625 0.6337744140625 0.5043792828125 0.648796671875 0.51565719375 0.6749920031250001 0.518817390625 0.6925723609375 0.488973575 0.7311539359375 0.495084296875 0.7450678609375 0.4883894265625 0.7497467640625 0.47133325312499996 0.7608150015625 0.47012008437499997 0.769247225 0.4605795265625 0.7683395921875 0.44758221093749995 0.649548478125 0.42975628125 0.64903326875 0.44549444843749997 0.6384712671874999 0.4497540046875
1 0.43091166875000003 0.40808004843749995 0.48654941718750006 0.41886967343750003 0.50024469375 0.44476844218749995 0.5346625765625 0.45219717031249995 0.546337771875 0.4962653453125 0.548780525 0.4966522390625 0.59206048125 0.49806906562500003 0.592824321875 0.49324636875000005 0.585534534375 0.44937840625 0.5960006734375 0.4332388421875 0.5840337765625 0.40267014375 0.430213709375 0.38127364375 0.42654727656249997 0.40442258906250006 0.43091166875000003 0.40808004843749995
1 0.28362560625 0.386630825 0.24856972812499997 0.43941391249999995 0.26166290625 0.45038628750000004 0.2782128453125 0.4520188046875 0.303815053125 0.4214680546875 0.3462547859375 0.42818984687499995 0.36494347656250004 0.41631881249999997 0.37205769375000003 0.4026145625 0.395512175 0.4043519171875 0.4029319296875 0.3887185875 0.32333346406249996 0.373145221875 0.313076996875 0.3754757 0.309925775 0.382886478125 0.28362560625 0.386630825
1 0.0995309734375 0.3460037671875 0.1076486875 0.3571768421875 0.14237210625000002 0.362676490625 0.14490328125000002 0.377908421875 0.15891306875 0.3830935609375 0.1696667953125 0.40259402343749995 0.20469575 0.40616459374999997 0.21056987500000002 0.43774576249999997 0.22363429375 0.44515413437499995 0.22961443906249998 0.44610129687500005 0.245858121875 0.4465461125 0.2487680203125 0.42817373437499995 0.2322270375 0.3759193796875 0.20452197343749998 0.3448354703125 0.0730390796875 0.325988096875 0.047760356250000004 0.3170406625 0.047445846874999996 0.33775429375 0.0995309734375 0.3460037671875
1 0.1048262328125 0.154632278125 0.1028881796875 0.1731112953125 0.0855264703125 0.17036147031249999 0.08542163281250001 0.1772660140625 0.1039965125 0.19108407656249998 0.082854559375 0.23717229374999999 0.092395115625 0.2456045171875 0.120213990625 0.2509993296875 0.13047045625 0.248668853125 0.148967421875 0.2130378 0.182067296875 0.21630283437500003 0.200860825 0.19752725625 0.259038725 0.204764259375 0.2644335375 0.1769453859375 0.25651652187499996 0.1707477765625 0.145947959375 0.157190378125 0.1198574640625 0.14712563750000002 0.1048262328125 0.154632278125
1 0.455918571875 0.21023984218749997 0.349513703125 0.19536443750000002 0.313664003125 0.20946111250000002 0.28420363593750003 0.23940079062500003 0.2693641296875 0.27066745000000003 0.27535206562500003 0.276559521875 0.30347647499999997 0.28002525624999997 0.327760678125 0.2453108125 0.344205778125 0.2538478734375 0.367660259375 0.2555852265625 0.38198455781249996 0.24005673437500002 0.3930527953125 0.2388435640625 0.3982379328125 0.224833778125 0.4509341328125 0.22922509375 0.4581442125 0.22740085156249998 0.4599774296875 0.21582637968750001 0.455918571875 0.21023984218749997
1 0.4939759640625 0.2508732828125 0.46664537656249994 0.2860939609375 0.468871015625 0.303254971875 0.4886680390625 0.30935671875000004 0.50146465625 0.30347361875 0.5139647125 0.280735046875 0.533962434375 0.291812259375 0.5516296796875 0.2926330046875 0.587689053125 0.2647272421875 0.611143534375 0.2664645953125 0.6169397453125 0.2485966515625 0.5193684984375 0.23413162031249998 0.521192740625 0.2413417 0.4939759640625 0.2508732828125
1 0.8404073500000001 0.2859679140625 0.8419350296875001 0.27632252031250004 0.8378761734375001 0.2707359828125 0.7774636578125 0.265122521875 0.6992880359375 0.2468083078125 0.6812104171875 0.254821184375 0.6782598937500001 0.267207428125 0.6607933484374999 0.271362146875 0.625536771875 0.3191697703125 0.6248208625 0.32993247187499997 0.6606615875 0.3346203484375 0.66463355625 0.309542325 0.6753003953125 0.298378225 0.6927579671874999 0.31300805781249996 0.7101196765625 0.3157578828125 0.7203761421875 0.31342740625 0.7302312093750001 0.3011459984375 0.7421112187500001 0.3010501359375 0.7548119734375 0.283287028125 0.8328917328125 0.289721234375 0.8404073500000001 0.2859679140625
1 1 0.32016963125000003 0.99906000625 0.31930253125 0.9987634453125 0.30244705625 0.8589455828125001 0.2812894546875 0.85818153125 0.2861134828125 0.855897803125 0.30552648437499996 0.9153937093750001 0.31692718124999997 0.9261474359375 0.3364276421875 0.9531545390625 0.3407051484375 0.963796040625 0.389948771875 0.9691675406250001 0.39079953437500003 0.9927306375 0.390477746875 1 0.3851962453125 1 0.37185629531250003 0.9931589593749999 0.34407501875 0.9946866390625001 0.334429625 1 0.332417115625 1 0.32016963125000003
1 0.1898733578125 0.029679453124999998 0.1927100703125 0.0429823046875 0.17361100625 0.0636869625 0.1699445734375 0.0868359078125 0.20760954062499998 0.098733865625 0.22864665781250001 0.059550192187499996 0.2730154703125 0.066577521875 0.2854106890625 0.050743492187499996 0.316887021875 0.0517739125 0.3224735578125 0.0477150546875 0.3258344546875 0.0264951890625 0.190598240625 0.0001321984375 0.1827770890625 0.0058145984375000005 0.178098184375 0.022870771875 0.1898733578125 0.029679453124999998
1 0.3912134609375 0.050692503124999996 0.3764877640625 0.056270065625 0.3903927140625 0.068359746875 0.3891705703125 0.0760760625 0.3625469171875 0.11931859375000001 0.3666057734375 0.1249051296875 0.39828280625 0.1309110140625 0.4066101921875 0.1282750015625 0.4315054671875 0.0897024 0.4629818 0.09073281875 0.48532794843750005 0.0744973921875 0.5473640046875 0.0823454671875 0.5537712890625001 0.060619365625 0.547783353125 0.0547272921875 0.41691153124999997 0.0320217609375 0.38512966249999997 0.0329204203125 0.3912134609375 0.050692503124999996
1 0.7474927328125001 0.08853336875 0.608293525 0.0684638515625 0.6027069875 0.0725227078125 0.6011703328125 0.1009526546875 0.6471626875000001 0.1102145984375 0.647965484375 0.130116459375 0.6849235171875 0.133992565625 0.6950571984375 0.1761357375 0.7077280109374999 0.17853809062499998 0.7276361046875001 0.1816912234375 0.7342498453124999 0.1783883 0.7373052062500001 0.15909751249999998 0.7293971671875 0.1341153515625 0.7312303828125 0.122540878125 0.744027 0.11665777968749999 0.7474927328125001 0.08853336875
1 0.9524223140625001 0.130581759375 0.9365882859375001 0.118186540625 0.8700829984375 0.11358555156250001 0.7976946125000001 0.0961879453125 0.7882499171874999 0.0996357296875 0.7870187984375 0.126136596875 0.8561601 0.13906497499999998 0.8666082906250001 0.16049451406249998 0.8952389359374999 0.16700663437500002 0.90476995 0.20974646875 0.9190585921875 0.21200956718750003 0.9481178859374999 0.2139425203125 0.9406291937500001 0.161342184375 0.946826803125 0.15342516875 0.9601296546875 0.15058845625 0.9475427109375 0.1426624671875 0.9524223140625001 0.130581759375