1 0.6923828125 0.216796875 0.7353515625 0.259765625 0.744140625 0.2568359375 0.76171875 0.2275390625 0.763671875 0.2060546875 0.7109375 0.1669921875 0.70703125 0.1533203125 0.7138671875 0.138671875 0.7001953125 0.140625 0.6884765625 0.12890625 0.6728515625 0.126953125 0.541015625 0.2744140625 0.5390625 0.2861328125 0.55078125 0.3056640625 0.568359375 0.3134765625 0.6416015625 0.232421875 0.6513671875 0.232421875 0.6708984375 0.24609375 0.6923828125 0.216796875
1 1 0.1123046875 0.9609375 0.0849609375 0.9677734375 0.060546875 0.9580078125 0.064453125 0.9365234375 0.048828125 0.9228515625 0.05078125 0.880859375 0.1044921875 0.791015625 0.2001953125 0.802734375 0.2275390625 0.818359375 0.2373046875 0.8955078125 0.154296875 0.9052734375 0.154296875 0.9248046875 0.16796875 0.94140625 0.1396484375 0.9482421875 0.138671875 0.9912109375 0.18359375 1 0.1748046875 1 0.1123046875
1 0.8447265625 0.416015625 0.8515625 0.4111328125 0.869140625 0.3818359375 0.87109375 0.3623046875 0.8564453125 0.345703125 0.81640625 0.3193359375 0.8193359375 0.29296875 0.8115234375 0.296875 0.7939453125 0.283203125 0.7783203125 0.283203125 0.74609375 0.3173828125 0.734375 0.3388671875 0.6484375 0.4287109375 0.646484375 0.4404296875 0.658203125 0.4619140625 0.67578125 0.4677734375 0.7509765625 0.38671875 0.7783203125 0.400390625 0.7998046875 0.373046875 0.8447265625 0.416015625
1 0.6455078125 0.599609375 0.6552734375 0.6015625 0.6923828125 0.640625 0.69921875 0.6396484375 0.71875 0.6064453125 0.720703125 0.5869140625 0.666015625 0.5439453125 0.6640625 0.5361328125 0.6728515625 0.51953125 0.6572265625 0.521484375 0.6455078125 0.509765625 0.6298828125 0.5078125 0.49609375 0.6572265625 0.5009765625 0.671875 0.53125 0.6865234375 0.5927734375 0.6171875 0.6083984375 0.61328125 0.6259765625 0.626953125 0.6455078125 0.599609375
1 0.7568359375 0.75390625 0.8017578125 0.796875 0.80859375 0.7919921875 0.826171875 0.7626953125 0.828125 0.7431640625 0.8134765625 0.7265625 0.7734375 0.7001953125 0.7783203125 0.67578125 0.7666015625 0.677734375 0.7509765625 0.6640625 0.7353515625 0.6640625 0.603515625 0.8115234375 0.6015625 0.8193359375 0.611328125 0.8388671875 0.62890625 0.8505859375 0.69140625 0.7802734375 0.7099609375 0.767578125 0.7333984375 0.78125 0.7568359375 0.75390625
1 0.8623046875 0.91015625 0.9072265625 0.951171875 0.9140625 0.9501953125 0.93359375 0.9189453125 0.935546875 0.8994140625 0.9189453125 0.880859375 0.880859375 0.8564453125 0.87890625 0.8447265625 0.8857421875 0.830078125 0.8720703125 0.83203125 0.8564453125 0.818359375 0.8388671875 0.8203125 0.80078125 0.8720703125 0.7109375 0.9658203125 0.708984375 0.9755859375 0.720703125 0.9990234375 0.744140625 0.9990234375 0.8095703125 0.92578125 0.8212890625 0.923828125 0.8408203125 0.9375 0.8623046875 0.91015625
1 0.9921875 0.7080078125 1 0.6904296875 0.9990234375 0.626953125 0.873046875 0.7646484375 0.88671875 0.7958984375 0.90234375 0.8017578125 0.9736328125 0.720703125 0.9853515625 0.71875 1 0.7275390625 0.9921875 0.7080078125
1 0.9072265625 0.52734375 0.9521484375 0.572265625 0.9609375 0.5634765625 0.974609375 0.5419921875 0.978515625 0.5185546875 0.921875 0.4736328125 0.9287109375 0.44921875 0.9169921875 0.451171875 0.8974609375 0.4375 0.8837890625 0.439453125 0.84765625 0.4873046875 0.75390625 0.5869140625 0.75390625 0.5986328125 0.765625 0.6181640625 0.783203125 0.6240234375 0.8564453125 0.54296875 0.8662109375 0.54296875 0.8857421875 0.556640625 0.9072265625 0.52734375
1 0.91015625 0.3837890625 0.927734375 0.3916015625 1 0.3115234375 0.9990234375 0.24609375 0.8984375 0.3544921875 0.91015625 0.3837890625
1 0.5595703125 0.501953125 0.58203125 0.4658203125 0.58203125 0.4462890625 0.52734375 0.4052734375 0.5341796875 0.37890625 0.5244140625 0.3828125 0.5068359375 0.369140625 0.4892578125 0.369140625 0.443359375 0.4287109375 0.44140625 0.4755859375 0.42578125 0.4970703125 0.427734375 0.5048828125 0.4638671875 0.47265625 0.4892578125 0.48828125 0.5107421875 0.458984375 0.5595703125 0.501953125
1 0.2626953125 0.53515625 0.2783203125 0.55078125 0.287109375 0.5517578125 0.2734375 0.4736328125 0.25390625 0.4599609375 0.2509765625 0.4453125 0.234375 0.4482421875 0.1484375 0.5498046875 0.146484375 0.5751953125 0.1591796875 0.591796875 0.16796875 0.5927734375 0.2080078125 0.55078125 0.2197265625 0.55078125 0.2392578125 0.564453125 0.2626953125 0.53515625
1 0.16796875 0.3154296875 0.17578125 0.3017578125 0.1591796875 0.30078125 0.1474609375 0.2890625 0.1279296875 0.2890625 0.041015625 0.3935546875 0.0595703125 0.41015625 0.0849609375 0.41015625 0.1025390625 0.39453125 0.1103515625 0.39453125 0.1279296875 0.41015625 0.1484375 0.3837890625 0.1552734375 0.3828125 0.1943359375 0.423828125 0.201171875 0.4228515625 0.22265625 0.3896484375 0.224609375 0.3681640625 0.169921875 0.3271484375 0.16796875 0.3154296875
1 0.29296875 0.1494140625 0.2998046875 0.1484375 0.3408203125 0.19140625 0.349609375 0.1865234375 0.3671875 0.1572265625 0.369140625 0.1376953125 0.3603515625 0.125 0.3125 0.0927734375 0.3193359375 0.068359375 0.3056640625 0.0703125 0.2880859375 0.056640625 0.2744140625 0.05859375 0.236328125 0.1083984375 0.146484375 0.2041015625 0.14453125 0.2158203125 0.15234375 0.2314453125 0.171875 0.2431640625 0.2470703125 0.162109375 0.2568359375 0.162109375 0.2763671875 0.17578125 0.29296875 0.1494140625
1 0 0.2373046875 0.0205078125 0.251953125 0.0458984375 0.224609375 0.0869140625 0.267578125 0.091796875 0.2666015625 0.11328125 0.2314453125 0.11328125 0.2099609375 0.05859375 0.1689453125 0.0654296875 0.146484375 0.0537109375 0.1484375 0.0341796875 0.1328125 0.0205078125 0.134765625 0 0.1572265625 0 0.2373046875
1 0.5302734375 0 0.41015625 0.1337890625 0.421875 0.1630859375 0.4375 0.1708984375 0.5146484375 0.087890625 0.5419921875 0.103515625 0.5634765625 0.07421875 0.6103515625 0.1171875 0.6328125 0.0830078125 0.634765625 0.0615234375 0.578125 0.0185546875 0.5830078125 0 0.5302734375 0
1 0.7197265625 0 0.669921875 0.0537109375 0.681640625 0.0791015625 0.6904296875 0.087890625 0.701171875 0.0888671875 0.7744140625 0.005859375 0.7861328125 0.005859375 0.7978515625 0.01953125 0.810546875 0.0068359375 0.7998046875 0.01171875 0.7900390625 0 0.7197265625 0
1 0.0712890625 0 0.03125 0.0400390625 0.029296875 0.0498046875 0.04296875 0.0732421875 0.05859375 0.0791015625 0.1279296875 0 0.0712890625 0
1 0.419921875 0.2373046875 0.4296875 0.2275390625 0.4267578125 0.22265625 0.4150390625 0.2265625 0.3994140625 0.212890625 0.3818359375 0.212890625 0.349609375 0.2509765625 0.341796875 0.2685546875 0.3916015625 0.2890625 0.4482421875 0.345703125 0.453125 0.3447265625 0.474609375 0.3115234375 0.474609375 0.2880859375 0.421875 0.2509765625 0.419921875 0.2373046875