1 0.7421350062500001 0.17686011875000002 0.750464675 0.1630064765625 0.7366635375 0.16351980156249998 0.726233928125 0.15064030625 0.7108986796875 0.14706462343749999 0.5643710890625 0.279937146875 0.5612037203125 0.29138754218749996 0.5708167015625001 0.31203674062500003 0.587481903125 0.3216438578125 0.668795384375 0.24868908906249998 0.6785075125 0.24970987500000003 0.69650266875 0.2653484265625 0.72093170625 0.238457771875 0.7591736124999999 0.285682590625 0.7682207625 0.283687659375 0.78876495 0.256388690625 0.7929531046875 0.2352261671875 0.7445907578125001 0.1908654125 0.7421350062500001 0.17686011875000002
1 1 0.216758228125 0.9490467453125 0.149608528125 0.9128989171875 0.091802446875 0.8995060953125 0.08843092031250001 0.87650615625 0.10172459687499999 0.8672023421875 0.096818959375 0.8714488671874999 0.12181382968750001 0.82974215625 0.1449246453125 0.8232091265625 0.2070822625 0.831031334375 0.21674188593750002 0.8784603125 0.1765575546875 0.8851567234375001 0.1782433171875 0.8987070609375 0.20814382343750001 0.9195604171875 0.1965884171875 0.9292725453124999 0.1976092015625 0.9973216765625 0.288226496875 1 0.2869198796875 1 0.216758228125
1 0.7266899312499999 0.3200731734375 0.7193285421875 0.31537169375 0.719486059375 0.341900675 0.6769102140625 0.36393819843749997 0.6606066859374999 0.37891763749999996 0.6605075406250001 0.39854605 0.6749270125 0.42951984843749996 0.681215109375 0.4350904625 0.7303823546875 0.3970527140625 0.7488908359375 0.4264924 0.7775138953125 0.415753621875 0.8429459390625 0.5030518296875 0.8471420453125 0.503492859375 0.861919059375 0.500234471875 0.8741976421875 0.482442603125 0.875317103125 0.47179163593749995 0.8751018578125 0.468234021875 0.7990263625 0.36989953125 0.7896175375000001 0.34730790625 0.761140265625 0.309946865625 0.7456008609375 0.30831360937499996 0.7266899312499999 0.3200731734375
1 0.6605126375 0.561057934375 0.6593868406250001 0.5530840734375 0.6698630921875 0.5374921640625 0.6541195296875 0.5378013328125 0.6436899203124999 0.5249218359375 0.628354671875 0.521346153125 0.4796804984375 0.6559569453125 0.4830053828125 0.6710355296875 0.5115818015625 0.6887681578125 0.5800157859375 0.626243 0.5959635046875 0.6239914062499999 0.612016234375 0.6394257984375 0.634298690625 0.6142734125 0.6438066609375 0.6172366234375 0.6766296046875 0.6599641218750001 0.683530171875 0.6597074578125001 0.7064250999999999 0.6287277953125 0.710409096875 0.609507696875 0.6605126375 0.561057934375
1 0.6435836109374999 0.6940992140625 0.6321332140625 0.6909318453125 0.6344373140624999 0.7157225578124999 0.59186146875 0.73776008125 0.575557940625 0.7527395203125 0.5754587953125 0.7723679328124999 0.5898782671875 0.80334173125 0.5961663640625 0.8089123453125 0.645333609375 0.7708745968749999 0.6657845171875 0.8005184406250001 0.6905227234375 0.7893713484375 0.7076487453125 0.80393660625 0.7617716062500001 0.879441203125 0.7638597140625001 0.8796606718750001 0.7811634796875 0.8705798171874999 0.792917178125 0.8521763484375 0.79179138125 0.8442024874999999 0.6760915203125 0.6837687484375 0.660552115625 0.6821354921875 0.6435836109374999 0.6940992140625
1 0.8761387078125 1 0.803353240625 0.906101684375 0.77088610625 0.8506463421875001 0.756200084375 0.847433478125 0.753244821875 0.8471228671875 0.7366399296874999 0.8588302234375 0.72324710625 0.8554586984375 0.7285144171875 0.870741440625 0.72534705 0.8821918359375 0.6849177859375 0.9024910921875 0.6664676765624999 0.9192087984375 0.6663685296875 0.9388372109375 0.682526271875 0.9719575921875 0.6892226828125 0.9736433546875001 0.7381857703125 0.9375480328125001 0.7566942515624999 0.9669877187499999 0.7775476078125 0.9554323124999999 0.7889980046875 0.95859968125 0.818829928125 1 0.8761387078125 1
1 0.94796844375 0.7690022 0.9598271546875001 0.7682847171875 0.9734766390624999 0.7785568109375001 0.9677485078125001 0.7583159265625 0.9773556250000001 0.7416507250000001 0.9830195203125 0.678419815625 0.8433399906249999 0.8021926828125 0.8536704546875 0.8347005921875 0.8685973890625001 0.842161125 0.94796844375 0.7690022
1 0.8390456640625 0.47308545 0.8181923078125 0.4846408578125 0.8067419125 0.4814734890625 0.8109884375 0.506468359375 0.74996248125 0.5452235890625 0.7513974453125 0.5689410109375 0.762748696875 0.5917367921875 0.7705709046875 0.6013964140625 0.8199423078124999 0.5614162406250001 0.83824663125 0.592798353125 0.8590999874999999 0.5812429453125 0.868812115625 0.5822637312500001 0.93248258125 0.6695731796875 0.935894696875 0.6699318078125 0.951274853125 0.6665404234375 0.964970978125 0.6483411109375 0.966195921875 0.6366865578125 0.883371509375 0.527823309375 0.8524384859374999 0.47645697656249997 0.8390456640625 0.47308545
1 1 0.31959156875 0.9114645250000001 0.3969373546875 0.9200567218750001 0.42729868125000003 0.9367219234374999 0.436905796875 1 0.3800584703125 1 0.31959156875
1 0.5204770187500001 0.3705720359375 0.5029951890625 0.368734621875 0.45112139375 0.42318090937499997 0.444279196875 0.46959496562499997 0.4264940640625 0.4893283890625 0.42761986093750004 0.4973022484375 0.4669233265625 0.46902913437500005 0.4905416015625 0.48722258281249997 0.514970640625 0.4603319265625 0.5590398234375 0.50816921875 0.585154625 0.47458215312499996 0.5871961953125 0.455157896875 0.5370955796875 0.408650559375 0.5466501906250001 0.3831423640625 0.5365297484375 0.3860064296875 0.5204770187500001 0.3705720359375
1 0.14336866718750002 0.514854028125 0.1522116609375 0.5148015218750001 0.1693843234375 0.500895375 0.189631071875 0.5324816453125 0.210484428125 0.5209262375 0.22213898125 0.5221511796875 0.2568277625 0.5671368625000001 0.265528021875 0.568051296875 0.26641232187499997 0.5680460453125 0.279005903125 0.5547312 0.2813427171875 0.5324978984375 0.281485040625 0.5274067609374999 0.2066344875 0.41741771562499996 0.19043010625 0.4127687421875 0.1859852890625 0.427030696875 0.1651319328125 0.43858610468750003 0.14336866718750002 0.514854028125
1 0.19178423125 0.377462971875 0.21703576406249997 0.3801170140625 0.23722414218750001 0.36554588906249996 0.1617086125 0.25254112812499996 0.14228435625 0.25049955625 0.1294048609375 0.2609291671875 0.1127921640625 0.26016504375 0.11913276718750002 0.2745786515625 0.1159653984375 0.2860290484375 0.05729018125 0.321103584375 0.056986878124999994 0.3426744234375 0.0748828875 0.3779413875 0.077561453125 0.3786156921875 0.082195525 0.379102753125 0.12471511093750001 0.34291935625000003 0.131411521875 0.34460511875 0.14905086875 0.3729715140625 0.16816595625 0.35926952343749996 0.175935659375 0.3600861515625 0.19178423125 0.377462971875
1 0.4003147453125 0.11245705312500001 0.3560939109375 0.0754051796875 0.365444365625 0.0518394109375 0.3516432296875 0.05235273593749999 0.3355904984375 0.036918342187499995 0.3217893625 0.03743166875 0.27870605625 0.08298245625 0.1793507796875 0.1687700796875 0.1761834109375 0.1802204765625 0.18231985625 0.19657650937499999 0.20051916875 0.21027263437500002 0.283775075 0.1375220234375 0.293487203125 0.13854280937500002 0.311482359375 0.154181359375 0.3307490984375 0.12969395 0.337649665625 0.1294372875 0.3739491453125 0.17645795 0.38320045468749997 0.17252059375 0.4037446421875 0.145221625 0.4077286390625 0.12600152656250002 0.4003147453125 0.11245705312500001
1 0.0981299921875 0.1810505953125 0.120523325 0.2108985953125 0.14203232187499998 0.19871071093749998 0.15047665 0.11836829062500001 0.1327727546875 0.0943530609375 0.11937993281249999 0.0909815359375 0.09832241875 0.10447936875 0.0868720234375 0.101312 0.0913227046875 0.12436444531249999 0.0330665984375 0.1591884484375 0.030723429687499998 0.181482196875 0.0480936125 0.21801505156249998 0.04999520625 0.21860769375000003 0.053465085937500004 0.21897239375000002 0.0981299921875 0.1810505953125
1 0.5576453515625001 0.09167938125 0.5832060515624999 0.11007698749999999 0.607635090625 0.08318633125 0.6497618468749999 0.130819465625 0.6756724921874999 0.0991748265625 0.6798606453125 0.0780123015625 0.6280217625 0.02935838125 0.6348173187499999 0.01141573125 0.582371828125 0.0059034875 0.448927890625 0.126403975 0.45752008593750004 0.1567653015625 0.4722428625 0.16616826093749998 0.5576453515625001 0.09167938125
1 0.743044915625 0.11214760312500001 0.824562553125 0.037250409375 0.8362171078125 0.038475351562499996 0.8464425609375 0.0532972734375 0.8603953484375 0.0419985296875 0.8492016140624999 0.0457317296875 0.8407144296875 0.033056389062500004 0.770787109375 0.0257067328125 0.715640934375 0.07391742812499999 0.7246414453125001 0.100393903125 0.7324636531250001 0.1100535265625 0.743044915625 0.11214760312500001
1 0.1174654453125 0 0.1446249359375 0.0384497703125 0.147033784375 0.03870295 0.161301275 0.0349982328125 0.175399590625 0.015775084375 0.1765647453125 0.004689384374999999 0.17642649999999999 0.003201940625 0.1738336203125 0 0.1174654453125 0
1 0.41616689375 0.2176198328125 0.4248582359375 0.228352746875 0.421486709375 0.24174556875 0.36516223281250004 0.2731394125 0.362712346875 0.29644851875 0.3806083578125 0.3317154828125 0.3815591546875 0.332011803125 0.38622097499999997 0.33250178125 0.4476132421875 0.282787303125 0.4976675515625 0.268074375 0.4981022859375 0.2639381515625 0.49335645625 0.249299384375 0.4652874984375 0.2080534921875 0.44780566874999994 0.20621607812499998 0.43083716406250006 0.2181798 0.41959092499999995 0.21307000468749998 0.41616689375 0.2176198328125