1 0.5529220984375 0.14412040312500002 0.550711146875 0.15816642187500002 0.5031303671875 0.203364459375 0.5076872203125 0.2244506671875 0.5287047125 0.2513869328125 0.5377853015625 0.253223665625 0.5751971953125 0.205338625 0.6000918203125 0.2317988390625 0.6178113046875 0.21584861093750002 0.6275041375 0.21465848125 0.7091830859375 0.2854074546875 0.7119341578125 0.28506966562499997 0.7265734671875 0.2762865203125 0.73474530625 0.257900975 0.7334679000000001 0.247497334375 0.7324578828125 0.2440793234375 0.5836336640625001 0.1137842953125 0.56836315625 0.1176270703125 0.5581599125000001 0.130686628125 0.54435191875 0.13041424375 0.5529220984375 0.14412040312500002
1 0.8502471890625 0.108794146875 0.93693668125 0.18178120312499998 0.9512550843750001 0.1701841609375 0.9595541203125 0.1416160703125 0.8587167750000001 0.0575755015625 0.8104918734375 0.0093824765625 0.79668388125 0.0091100921875 0.77726385625 0.0272369125 0.7670949703125001 0.024549909375 0.7768552796875 0.0479489015625 0.741416309375 0.0798493578125 0.74903314375 0.14188349218750002 0.7588278109375 0.149535925 0.7960016796875 0.0997123171875 0.8029056765625 0.099848509375 0.8228348703125 0.1259345046875 0.84055435625 0.109984278125 0.8502471890625 0.108794146875
1 0.79172489375 0.25559466875000003 0.784446678125 0.26042390625 0.7653333953125 0.2489961734375 0.7498248624999999 0.2509003828125 0.7220039671875 0.2887527296875 0.7129908546875 0.3115051203125 0.63864311875 0.411152334375 0.6381327078125001 0.4230217609375 0.6523823953125001 0.44291783906250004 0.6705435734375 0.44659130312500006 0.735300309375 0.3569767828125 0.7641064265625 0.367214384375 0.7820982953125 0.3374561640625 0.8319219015625 0.37463003125 0.8381118203125 0.3689505234375 0.8519885296874999 0.3377297890625 0.8515468359374999 0.3181060953125 0.8349843640625 0.30341347500000004 0.7920303953125 0.2821223578125 0.79172489375 0.25559466875000003
1 0.67013375625 0.5233855359375 0.667243084375 0.5158692953124999 0.6739434140625 0.4983203609375 0.65867290625 0.5021631359375001 0.64561335 0.4919598921875 0.6298667906250001 0.491925534375 0.5152839640625 0.6565306718749999 0.5219155765625 0.67047485625 0.55374855625 0.681324703125 0.6063634828125 0.6050077640625 0.6213959640625 0.599226421875 0.640509246875 0.6106541546875001 0.6565625484375001 0.5811339609374999 0.6664934078125 0.581882396875 0.7080866968749999 0.6161312359375 0.7147526671875 0.6143288609375 0.730091890625 0.5789929671875 0.729650196875 0.5593692734375 0.67013375625 0.5233855359375
1 0.795797009375 0.6653794390625001 0.7976681 0.6405522890625 0.7862747265625 0.6439190124999999 0.7691000109374999 0.6322532546875 0.7535914765625 0.6341574624999999 0.6407091921875 0.7965860078125 0.6397227296875 0.8045783 0.6517958234375001 0.8227738375 0.6706710796875 0.832263003125 0.7241362765625 0.7548577671875 0.741005490625 0.7399958359375 0.7659344734375 0.750709490625 0.7858649093750001 0.72071324375 0.8356885171874999 0.7578871125 0.841878434375 0.7522076046875 0.8557551453125001 0.7209868687500001 0.85531345 0.7013631765625 0.838750978125 0.6866705546875 0.795797009375 0.6653794390625001
1 0.9214602624999999 0.807373340625 0.918093540625 0.7959799671875001 0.923093328125 0.780607625 0.9097613875 0.784212375 0.892586671875 0.772546615625 0.875377596875 0.7766274171875 0.8438832375 0.8326409437500001 0.76613441875 0.9366413437500001 0.7653859828125 0.9465722031249999 0.7798736953125001 0.968406846875 0.8031364968749999 0.965550534375 0.859152503125 0.8848804109374999 0.870545878125 0.8815136875 0.8915977265624999 0.89270339375 0.909589596875 0.8629451734375 0.959175178125 0.898180475 0.9658411484375 0.8963781000000001 0.9814183984374999 0.862980771875 0.9809767046875001 0.8433570796875 0.9622376390625 0.8269639171875 0.9214602624999999 0.807373340625
1 1 0.580322865625 0.9025187718750001 0.7172128109375 0.9198971546875001 0.7465636953125 0.9361197671875001 0.7504751875 0.9969993703125001 0.6613367171875 1 0.6604500359375 1 0.580322865625
1 0.8243014890625 0.39750658906249997 0.8065820046875001 0.41345681562500003 0.794712578125 0.41294640625 0.8044728875 0.4363453984375 0.753729053125 0.4878351890625 0.7604624984374999 0.5106219375000001 0.776650753125 0.5302799874999999 0.7864454203125 0.5379324203125 0.8255578546875 0.4878707875 0.8504524796874999 0.5143310015625 0.8681719640625 0.4983807734375 0.8778647968750001 0.49719064375000005 0.9595437468749999 0.5679396171875 0.962949084375 0.5675214937499999 0.9771721531249999 0.56075725 0.9864232921875 0.5399434265624999 0.9849951359375 0.5283120265625 0.8798046046874999 0.440870375 0.8381094828125001 0.3977789734375 0.8243014890625 0.39750658906249997
1 0.9113356609375 0.340281840625 0.9733035609374999 0.25199364218750003 0.9643604046875 0.1871706703125 0.877734665625 0.3070194640625 0.89293645625 0.3346698078125 0.9113356609375 0.340281840625
1 0.49083723749999997 0.3692829390625 0.47339013750000003 0.371425175 0.43509361406249997 0.43614507187499996 0.4388676734375 0.48290869843750006 0.42597742656250004 0.506137140625 0.42886809687499994 0.5136533812499999 0.4608041515625 0.47726354843749996 0.4879097265625 0.48967774375 0.5056635703125 0.45798095625 0.5593643109374999 0.494678771875 0.5772543453125001 0.45607798749999995 0.574874084375 0.436692321875 0.5155956703125 0.40264715000000006 0.5191673015625 0.3756434078125 0.5099505203125 0.380710671875 0.49083723749999997 0.3692829390625
1 0.2300472375 0.4809995265625 0.1571276578125 0.5922781421875001 0.1582834296875 0.617717534375 0.17290733593750002 0.6326481828125 0.1817498984375 0.6325463484375 0.21637295625 0.5859876296875 0.22800435624999998 0.5845594734375 0.2490562046875 0.5957491796875 0.2687486140625 0.5638143671875 0.28616135625 0.5774186921875 0.2950039203125 0.5773168578125001 0.2719129109375 0.501440371875 0.2508610609375 0.49025066562499997 0.246168015625 0.4760684546875 0.2300472375 0.4809995265625
1 0.1721189484375 0.44993705000000006 0.19732031562500002 0.4468427109375 0.2137134765625 0.4281036453125 0.1147128640625 0.3349824875 0.09532719843750001 0.3373627484375 0.085123953125 0.3504223046875 0.06876515 0.35341480937499997 0.0781855984375 0.366032671875 0.07767518906250001 0.3779020984375 0.028393868750000002 0.42527672812499995 0.032950721875 0.4463629359375 0.058321398437500005 0.476700284375 0.061082996875 0.47675476093749997 0.0657078640625 0.4761868984375 0.09899818125 0.431366053125 0.105902178125 0.4315022453125 0.12947048125 0.4551736234375 0.14501337187500002 0.4375228546875 0.1527676390625 0.43657075 0.1721189484375 0.44993705000000006
1 0.31569147656249996 0.14481405625 0.2642691625 0.11865934375000001 0.2680788203125 0.09359416875 0.2547468796875 0.09719891875 0.235633596875 0.08577118593750001 0.22230165624999998 0.0893759359375 0.19056927031249998 0.14345089375 0.113058478125 0.24938986093749999 0.11254806875000001 0.2612592875 0.12220654375 0.27581571718750003 0.1430203671875 0.28506685625 0.20777710312500003 0.1954523359375 0.2174699375 0.1942622046875 0.2385217859375 0.2054519109375 0.2517862515625 0.17725803906249998 0.258452221875 0.17545566562499998 0.3043986953125 0.213105584375 0.31252718125 0.20718805156250003 0.326403890625 0.175967315625 0.325962196875 0.1563436234375 0.31569147656249996 0.14481405625
1 0 0.32683139843750003 0.001692290625 0.3266236125 0.036681890625000005 0.2796263296875 0.06521562187499999 0.303671925 0.0834316671875 0.28695794375 0.07358645625 0.20677513125 0.0509340578125 0.187357921875 0.037126065624999996 0.1870855375 0.01964460625 0.2049743328125 0.007775181250000001 0.204463921875 0.0172974640625 0.22592434843750003 0 0.242552575 0 0.32683139843750003
1 0.3568432140625 0.0761031671875 0.36140006874999997 0.097189375 0.387859040625 0.1283769921875 0.42914806875 0.0800159 0.45404269375000006 0.1064761125 0.47927841875 0.0876352140625 0.5650500218750001 0.159849465625 0.567605509375 0.1595356921875 0.580524340625 0.15096379531249998 0.58858535 0.1204571375 0.4530587125 0.002303921875 0.40071741093749996 0.008730625 0.40782507656250006 0.02655194375 0.3568432140625 0.0761031671875
1 0.6623874578125 0 0.726219821875 0.056625895312499994 0.73828455 0.0551445328125 0.7456819015625 0.0456763546875 0.7530806875 0.022597434375 0.752462753125 0.0175647640625 0.731649 0 0.6623874578125 0
1 0 0.08565563125 0.049906964062499996 0.13022126875 0.052311028125000006 0.1299260859375 0.0653794625 0.123106834375 0.0747921734375 0.10120494218750001 0.073433725 0.0901412640625 0.0729644203125 0.08872304375 0.028670757812499996 0.054117040625 0 0.0576373671875 0 0.08565563125
1 0.3547938140625 0.2437155640625 0.365676778125 0.2522182671875 0.36540439375 0.26602626093750004 0.3175855875 0.30928573125000003 0.3204419 0.3325485328125 0.345812578125 0.36288587968749997 0.3468056640625 0.36296072343749997 0.3514582234375 0.3623894609375 0.4000936859375 0.30013890781249997 0.44555541875 0.2745433 0.44504856249999997 0.27041529375 0.4371313625 0.257219296875 0.40050350312500005 0.2233446765625 0.383056403125 0.2254869109375 0.3692140515625 0.24096108593749999 0.35710659843750003 0.238512109375 0.3547938140625 0.2437155640625