0 0.837890625 0.8720703125 0.849609375 0.6845703125 0.8466796875 0.650390625 0.83984375 0.6533203125 0.828125 0.6845703125 0.8125 0.7060546875 0.8017578125 0.708984375 0.796875 0.7041015625 0.798828125 0.9541015625 0.8037109375 0.802734375 0.8203125 0.8310546875 0.83203125 0.8759765625 0.837890625 0.8720703125
0 0.765625 0.8779296875 0.765625 0.7099609375 0.7568359375 0.681640625 0.7451171875 0.71484375 0.7216796875 0.705078125 0.6962890625 0.681640625 0.69140625 0.6884765625 0.689453125 0.7724609375 0.7353515625 0.76171875 0.7421875 0.7744140625 0.740234375 0.9990234375 0.767578125 0.9990234375 0.767578125 0.9326171875 0.7734375 0.9267578125 0.767578125 0.9228515625 0.765625 0.8779296875
0 0.685546875 0.5380859375 0.68359375 0.5595703125 0.693359375 0.5673828125 0.72265625 0.5439453125 0.7138671875 0.498046875 0.705078125 0.5029296875 0.685546875 0.5380859375
0 0.8154296875 0.57421875 0.830078125 0.5849609375 0.845703125 0.6279296875 0.849609375 0.6689453125 0.8720703125 0.673828125 0.8857421875 0.6875 0.876953125 0.6123046875 0.87890625 0.5634765625 0.904296875 0.4853515625 0.9375 0.4267578125 0.9345703125 0.421875 0.9130859375 0.423828125 0.8994140625 0.41015625 0.859375 0.4833984375 0.8427734375 0.494140625 0.8330078125 0.494140625 0.8212890625 0.484375 0.8134765625 0.4921875 0.7958984375 0.48828125 0.7734375 0.5322265625 0.7626953125 0.544921875 0.75 0.5478515625 0.744140625 0.5654296875 0.7578125 0.5751953125 0.755859375 0.6962890625 0.763671875 0.7138671875 0.763671875 0.9990234375 0.80078125 0.9990234375 0.798828125 0.7353515625 0.8046875 0.7119140625 0.796875 0.5830078125 0.8154296875 0.57421875
0 0.724609375 0.5400390625 0.7353515625 0.548828125 0.7587890625 0.541015625 0.771484375 0.5322265625 0.794921875 0.4873046875 0.8046875 0.4580078125 0.80859375 0.4072265625 0.79296875 0.2216796875 0.787109375 0.0302734375 0.7783203125 0.009765625 0.76953125 0.0380859375 0.7646484375 0.1015625 0.7353515625 0 0.673828125 0.0009765625 0.6953125 0.2802734375 0.693359375 0.3408203125 0.6767578125 0.361328125 0.6201171875 0.384765625 0.61328125 0.3955078125 0.615234375 0.4521484375 0.625 0.4619140625 0.6171875 0.7080078125 0.626953125 0.7333984375 0.630859375 0.7822265625 0.630859375 0.9912109375 0.6337890625 1 0.68359375 0.9990234375 0.68359375 0.4638671875 0.6923828125 0.453125 0.705078125 0.4638671875 0.724609375 0.5400390625
0 0.2734375 0.1142578125 0.279296875 0.0400390625 0.2724609375 0.029296875 0.259765625 0.0400390625 0.248046875 0.0908203125 0.25 0.1689453125 0.265625 0.2119140625 0.265625 0.2041015625 0.2724609375 0.20703125 0.275390625 0.1982421875 0.2734375 0.1142578125
0 0.4990234375 0.20703125 0.5087890625 0.20703125 0.509765625 0.2001953125 0.46484375 0.1337890625 0.443359375 0.1259765625 0.4453125 0.1044921875 0.4365234375 0.091796875 0.42578125 0.0986328125 0.43359375 0.1123046875 0.4287109375 0.125 0.4130859375 0.130859375 0.396484375 0.1259765625 0.3916015625 0 0.375 0.0009765625 0.3662109375 0.1171875 0.3369140625 0.095703125 0.326171875 0.0791015625 0.326171875 0.0556640625 0.314453125 0.0341796875 0.314453125 0.0009765625 0.2939453125 0 0.30078125 0.2021484375 0.314453125 0.1943359375 0.3271484375 0.171875 0.3603515625 0.166015625 0.365234375 0.1767578125 0.353515625 0.4970703125 0.34765625 0.9931640625 0.3505859375 1 0.39453125 0.9990234375 0.396484375 0.1787109375 0.3994140625 0.173828125 0.4228515625 0.177734375 0.4990234375 0.20703125
0 0.501953125 0.1845703125 0.509765625 0.1884765625 0.5078125 0.0126953125 0.5009765625 0 0.5 0.1650390625 0.501953125 0.1845703125
0 0.51953125 0.5166015625 0.51171875 0.2138671875 0.5029296875 0.2109375 0.50390625 0.5009765625 0.501953125 0.5205078125 0.494140625 0.5205078125 0.494140625 0.5302734375 0.50390625 0.5751953125 0.50390625 0.9990234375 0.5390625 0.9990234375 0.537109375 0.8115234375 0.525390625 0.6376953125 0.52734375 0.5732421875 0.51953125 0.5166015625
0 0.2763671875 0 0.271484375 0.3173828125 0.2578125 0.4736328125 0.26171875 0.7861328125 0.267578125 0.8037109375 0.267578125 0.9990234375 0.302734375 0.9990234375 0.3125 0.4501953125 0.298828125 0.2705078125 0.294921875 0.0009765625 0.2763671875 0
0 0.4990234375 0.501953125 0.501953125 0.4697265625 0.4951171875 0.466796875 0.4697265625 0.482421875 0.470703125 0.4443359375 0.4619140625 0.43359375 0.458984375 0.4697265625 0.4384765625 0.484375 0.43359375 0.4814453125 0.439453125 0.2529296875 0.43359375 0.1982421875 0.4267578125 0.18359375 0.419921875 0.2060546875 0.416015625 0.2705078125 0.416015625 0.4716796875 0.4111328125 0.484375 0.40234375 0.4833984375 0.404296875 0.4931640625 0.3984375 0.4990234375 0.3984375 0.5224609375 0.40625 0.5322265625 0.3984375 0.6455078125 0.3984375 0.9970703125 0.43359375 0.9990234375 0.44140625 0.6865234375 0.435546875 0.5283203125 0.4462890625 0.515625 0.4990234375 0.501953125
0 0.060546875 0.4052734375 0.03125 0.3134765625 0.009765625 0.2822265625 0.0126953125 0 0 0.0009765625 0.001953125 0.5810546875 0.01171875 0.3701171875 0.0166015625 0.359375 0.033203125 0.3681640625 0.060546875 0.4052734375
0 0.193359375 0.6982421875 0.19140625 0.7119140625 0.1875 0.9990234375 0.21484375 0.9990234375 0.21875 0.7626953125 0.2333984375 0.517578125 0.20703125 0.6865234375 0.193359375 0.6982421875
0 0.2109375 0.5849609375 0.2099609375 0.57421875 0.1923828125 0.578125 0.18359375 0.5693359375 0.1796875 0.1728515625 0.1669921875 0.12890625 0.154296875 0.1474609375 0.146484375 0.1787109375 0.119140625 0.5478515625 0.1064453125 0.552734375 0.0927734375 0.537109375 0.08984375 0.5400390625 0.107421875 0.6005859375 0.13671875 0.6435546875 0.126953125 0.7744140625 0.123046875 0.9990234375 0.154296875 0.9990234375 0.15625 0.6669921875 0.16015625 0.6513671875 0.19140625 0.6298828125 0.2109375 0.5849609375