0 0.77986201875 0.709662065625 0.7751944734375 0.897469928125 0.7806911000000001 0.9018719921875 0.79628045625 0.8581424140625 0.8152871218750001 0.831376790625 0.8070071921874999 0.9817155124999999 0.8070422781250001 0.9817185828125 0.8140792234375 0.9079300109374999 0.8292123203124999 0.7349579234375 0.8254036656249999 0.7381537640625 0.8149576953125001 0.73429898125 0.8012646390624999 0.711534553125 0.7923141 0.6793821125 0.7857595140625 0.67586778125 0.77986201875 0.709662065625
0 0.7248558984375 1 0.7288548375 0.9542919187500001 0.73520259375 0.94896551875 0.7297059671875 0.9445634546875 0.7316754734375001 0.8996422953125001 0.746314915625 0.7323127171875 0.7400275749999999 0.7033341546874999 0.7254595765625 0.735389575 0.70296239375 0.7236183984375 0.6797111 0.698057146875 0.6742510765625 0.70444150625 0.6649856640625 0.78793606875 0.7116456859375 0.7812350718750001 0.7173491421875 0.794477865625 0.697566084375 1 0.7248558984375 1
0 0.7042936171874999 0.583749053125 0.7084282156249999 0.5841107828125 0.7157928421875 0.579206646875 0.7165963093750001 0.5700229765625 0.7165523859375 0.55707926875 0.700159528125 0.5203545390625 0.691829475 0.5147242890625 0.68020740625 0.55568580625 0.6797973500000001 0.5603727640625 0.7042936171874999 0.583749053125
0 0.758011759375 1 0.7771787531250001 0.760500565625 0.7850585453125001 0.73766293125 0.7885106937499999 0.608566303125 0.8077607921875 0.601427834375 0.82141724375 0.6134058390625 0.8332378140625 0.6575728890625 0.8335544515625 0.6987728890625 0.855504353125 0.7055947203125 0.8679326203125 0.720406153125 0.8657307062499999 0.6447309640625 0.8719320500000001 0.5962588703125 0.9040350984375 0.5206440984375 0.9422186578125 0.46516715781249995 0.939725684375 0.46004758749999997 0.9181528374999999 0.46012079375 0.9057245703125 0.4453093625 0.859454390625 0.51478320625 0.8419797593749999 0.5240375953124999 0.8322512953125001 0.523186465625 0.8214282687500001 0.5124366453125 0.81296459375 0.5195385109374999 0.7957938109375 0.5141150921875 0.7695882578125001 0.5559355796875 0.757780478125 0.5676463390625 0.7448781359375001 0.5694584078125 0.7375090234375 0.586458965625 0.7502777421875 0.5973790109375 0.737778034375 0.7178417375 0.7440287703124999 0.7360338765625001 0.7209347265625 1 0.758011759375 1
0 0.748382925 1 0.76531055625 0.8065162875 0.77345759375 0.7582144203125 0.7853989968749999 0.7337715453125 0.799064709375 0.48793335156250006 0.809644303125 0.47905601875 0.8165265515625 0.4228011546875 0.8106528703125001 0.411504053125 0.7562704921875001 0.383219184375 0.7415194781250001 0.3613424890625 0.74485079375 0.3008557859375 0.7905957406249999 0.02449420625 0.72939153125 0.0181592390625 0.6913543843750001 0.11678187343749999 0.6920225 0.0531212921875 0.685735159375 0.0241427296875 0.67519216875 0.043806487500000005 0.6526729359375001 0.2339737 0.62093591875 0.4174527046875 0.6204014265625 0.46838116875 0.6275765 0.498417690625 0.6470096125 0.5452113375 0.6588905984375 0.5550734234375 0.6815580078125001 0.5648989078125 0.6930253359375 0.557079534375 0.7191210796874999 0.4828997765625 0.7327043265625 0.4733049359375 0.7405237 0.48477226250000005 0.6954471140625 1 0.748382925 1
0 0.2916252109375 0.1925831890625 0.29230611562500003 0.18480041875 0.2988607015625 0.1883147484375 0.30254525781249997 0.1798144703125 0.3079192859375 0.0959794546875 0.3202249546875 0.0225538078125 0.31435127343749997 0.01125670625 0.3007680265625 0.020851546874999998 0.2846679921875 0.070418203125 0.2798046421875 0.148416140625 0.2916252109375 0.1925831890625
0 0.3374480546875 0 0.3274988109375 0.18591879375 0.341799565625 0.17932760625 0.35640416875 0.1580586078125 0.3899916234375 0.15511537343749998 0.3939196125 0.1662422484375 0.35432838125 0.48431450624999994 0.305253884375 0.9780097921875001 0.30757663125 0.9850750546875 0.3514398328125 0.9879322953124999 0.4248804703125 0.1709115578125 0.42822457500000005 0.166302665625 0.45123243593750006 0.1722367640625 0.5245610625 0.208060971875 0.5342895265625 0.2089121015625 0.5358581640625 0.20218729062500002 0.496894915625 0.1321185359375 0.4761732 0.12246327812499999 0.4799913796875 0.10123088437500001 0.47234223125 0.0878178640625 0.46104512968750005 0.0936915453125 0.46763631875 0.1079922984375 0.46166561718750004 0.1202137375 0.445589396875 0.12468900624999998 0.4294765734375 0.118377853125 0.43522550937500004 0 0.41765166249999996 0 0.400084353125 0.10698373125 0.3727714484375 0.0830277203125 0.363517059375 0.0655530890625 0.365559771875 0.042204775 0.3557581015625 0.0197807984375 0.357488696875 0 0.3374480546875 0
0 0.5284035859375 0.1887912921875 0.53510524375 0.1861426453125 0.538388403125 0.1687846140625 0.5414354484375 0.1339567140625 0.5521406453125 0.002651796875 0.5519817671875 0.002637896875 0.544248059375 0.014411003124999999 0.5287086249999999 0.1718589140625 0.5272361703125 0.18868915625 0.5284035859375 0.1887912921875
0 0.5551315921875 0.2149508046875 0.546120634375 0.21710332656250003 0.5119528250000001 0.5180048015625001 0.4992334984375 0.5737489890624999 0.49556173125 0.6381270765625 0.46873745468749994 0.8102723765625001 0.45053578125 0.9960138921875 0.48554913125 0.9990771625000001 0.522411584375 0.57773739375 0.5360552484375 0.5338375906249999 0.5369063781250001 0.5241091265625 0.5291236078125 0.5234282218749999 0.5288801750000001 0.50380106875 0.5551315921875 0.2149508046875
0 0.3180370546875 0 0.2923299734375 0.2517565046875 0.2630493265625 0.42956865625 0.22500529062500002 0.9762825312500001 0.2600433390625 0.9793479625 0.27698934375 0.785654246875 0.28435845625 0.768653690625 0.31548601249999997 0.45768329999999996 0.315484246875 0.3008362953125 0.3371466046875 0 0.3180370546875 0
0 0.5059760359375 0.2053566703125 0.5011237109375 0.1823854125 0.493037090625 0.19638231718750002 0.48243368281250004 0.25035103593749997 0.4683543125 0.47850776875 0.4632347421875 0.48100074218750005 0.44408166250000003 0.4646206734375 0.44431230624999996 0.4283700171875 0.4346204453125 0.4383053109375 0.4322738828125 0.4763314328125 0.40834168593750003 0.4585529515625 0.4014782859375 0.4608093359375 0.4012837421875 0.463032984375 0.40138623124999995 0.49323496875000006 0.45272835312500004 0.5114509218750001 0.46232319374999997 0.52503416875 0.4426978046875 0.6821246046875 0.4233720703125 0.9920689062499999 0.4582510453125 0.995120421875 0.4891300515625 0.642171753125 0.49116813437499995 0.5314789453125 0.4995861875 0.522657575 0.5016672015625 0.49887148124999997 0.49651834843750003 0.49273531562499995 0.4993151703125 0.48317707812500005 0.490474440625 0.4833839078125 0.48671667812499997 0.4703113390625 0.5042499625 0.269904984375 0.5059760359375 0.2053566703125
0 0.0904576046875 0 0.07167395 0.24382299999999998 0.0475477125 0.2730815984375 0.010361695312499999 0.3619757671875 0.0408356890625 0.32739076875 0.058140095312499994 0.3200820734375 0.062068084375 0.3312089484375 0.053464228125 0.540925075 0.053527039062500004 0.5409305703125 0.0691629828125 0.368884740625 0.101436215625 0 0.0904576046875 0
0 0.1918894953125 0.66027975 0.177248290625 0.670762325 0.174111015625 0.6842119484375 0.1451963984375 0.9698883328125 0.172436096875 0.9722714984374999 0.19692483593750001 0.7371831249999999 0.232880903125 0.49427537812500005 0.1918894953125 0.66027975
0 0.186338184375 0.11867244218749999 0.17583179531249998 0.149122621875 0.116419371875 0.514475390625 0.103346803125 0.518233153125 0.0910887625 0.5014760296875 0.087914884375 0.5041392296875 0.10014911093750001 0.5659877390625 0.12558952968749998 0.6113463718750001 0.10445592031249999 0.74085665625 0.0809885375 0.9642708734375001 0.11211962187499999 0.9669944906250001 0.14300374375 0.6363969453125 0.14825693906249998 0.6211718546875 0.181260509375 0.6024928515625 0.2046326359375 0.5594441781249999 0.2045960328125 0.5486577546875 0.186744346875 0.55101710625 0.17875474687499998 0.541495471875 0.20941925156250002 0.14617938749999998 0.200602334375 0.10129483125000001 0.186338184375 0.11867244218749999