0 0.8433522124999999 0.6297748234375 0.83743318125 0.6262183109375 0.8998087640625 0.8683197390625 0.8679274984375001 0.7202675453125 0.890887228125 0.743730340625 0.9131254656250001 0.784482821875 0.9178657843750001 0.77927509375 0.8838760828125001 0.5945096234375 0.8727646046875 0.5620539734375 0.8668404781250001 0.5665504 0.863029884375 0.5997071640625 0.8530665546874999 0.624333390625 0.8433522124999999 0.6297748234375
0 0.7313172734375 0.6365726406250001 0.7497398234375 0.7185348234375 0.7916761109375 0.6970078890625 0.801380265625 0.7076723328125001 0.8538230828125 0.9260823531250001 0.8803546078125001 0.9194673015625 0.8642894812499999 0.8550336015625 0.8685572968749999 0.8479307640625 0.8619269624999999 0.84555805625 0.8491642687500001 0.8024430578124999 0.80852895 0.639463696875 0.79314965625 0.6141108859375 0.7898115671875 0.6491627578125 0.7647077421875 0.6453572578125 0.7344012828125 0.6287585 0.7313172734375 0.6365726406250001
0 0.720429434375 0.5126747890625001 0.724456540625 0.51167071875 0.729823303125 0.504636078125 0.7275930859375 0.4956911640625 0.7233374953125 0.48346694843750004 0.695881340625 0.4540800265625 0.6861720921875001 0.45146852031250007 0.688518975 0.49398217187500004 0.689657184375 0.49854727812500005 0.720429434375 0.5126747890625001
0 0.89292496875 0.51777554375 0.8830074859374999 0.46992531875 0.8887437515625001 0.3879784171875 0.9067854921875 0.3230925890625 0.9027615687500001 0.319063571875 0.882387875 0.326156221875 0.8658145875000001 0.31619798593750004 0.8446837453124999 0.39695089375000003 0.831174090625 0.4113902734375 0.821698546875 0.4137527921875 0.807965375 0.40711227031249997 0.8022749546875 0.4165827203125 0.7842739671875 0.4170450359375 0.7731115484375 0.465118778125 0.7657597234375 0.48003575468750004 0.7541502718750001 0.48594969218750006 0.7527174796875 0.5044231828125 0.768345759375 0.5105912015625 0.7957458796875 0.628560453125 0.8075788484374999 0.64372641875 0.8765643890625 0.9204123093750001 0.9125714578125 0.9114347390624999 0.8468883484375 0.6560675484375 0.84690363125 0.63190873125 0.8081379515625 0.5087215625 0.82401521875 0.49570478749999997 0.8408273046874999 0.5025841093750001 0.8663832578124999 0.5404964734375 0.880096053125 0.5793487515625 0.9030710640624999 0.5786527312499999 0.9196443515625001 0.5886109671875001 0.89292496875 0.51777554375
0 0.5566725875 0 0.6363542171875001 0.23954988593749998 0.6491067234375001 0.2987707625 0.6379595874999999 0.32268568750000004 0.588671475 0.3591296 0.5846373640625 0.3712064625 0.6002350812499999 0.425692115625 0.61207314375 0.43280514062500003 0.664028175 0.67347886875 0.6796462671875 0.695752765625 0.6952490765625 0.7421854796875 0.7458069734375 0.944962125 0.750775903125 0.9527813593750001 0.7988649265625 0.9397849609375 0.6693989124999999 0.42052513906250005 0.67532813125 0.40797577343749997 0.6902451093749999 0.4153275984375 0.7276238421875 0.4845118046875 0.7401732078125 0.490441025 0.7610244984375 0.4771905453125 0.771216440625 0.46559128125000004 0.7830901609375001 0.4163337328125 0.78547815 0.38554458281250004 0.7769832703125 0.3353267453125 0.7169345484375 0.159071434375 0.672061559375 0 0.652044434375 0 0.6603964921875 0.0493735453125 0.631786221875 0 0.5566725875 0
0 0.19154918125 0.2744646109375 0.19747330624999998 0.26996818437500003 0.1992451953125 0.2770748421875 0.199417478125 0.2770318875 0.2041291109375 0.23207619531249998 0.20072810312499997 0.21682082343750003 0.183969971875 0.14960763125 0.163468321875 0.10936153125 0.14855134375 0.10200970625000001 0.1445172328125 0.11408656718750002 0.16815770000000002 0.1846831921875 0.1865802515625 0.2666453765625 0.19154918125 0.2744646109375
0 0.5599578281250001 1 0.57519406875 0.996558828125 0.5763829703125001 0.989217190625 0.450681703125 0.50927705625 0.3618204421875 0.20131422968749998 0.36395944375 0.189709871875 0.39759380625 0.187362634375 0.41534580625000006 0.2060851125 0.43050158281249995 0.210358021875 0.3888342046875 0.015386171874999998 0.3881367 0.012588631250000001 0.36856793906249996 0.0184693375 0.37660050156249997 0.0506861875 0.3704273890625 0.07436740625 0.376097434375 0.0971087125 0.36969061718749996 0.1158159078125 0.346461525 0.1437496609375 0.309819565625 0.033116951562500004 0.2934748875 0.0361856796875 0.3192136046875 0.15960145781249999 0.3042864390625 0.1683555125 0.28770805781250003 0.166450215625 0.2798990109375 0.1553132671875 0.2841719203125 0.140157490625 0.272095059375 0.1361233796875 0.26663834375 0.150567853125 0.2737309921875 0.17094154687500002 0.254774809375 0.1837195234375 0.2273122640625 0.2588571109375 0.22751256406249998 0.259660471875 0.22985375000000002 0.2654174375 0.23932929375 0.2630549203125 0.3061509828125 0.21620064218750001 0.32794728281249996 0.20674038125 0.33197120468749997 0.21076939687500001 0.530745615625 1 0.5599578281250001 1
0 0.4255364734375 0.1964990828125 0.43101070156250004 0.1918128921875 0.428463765625 0.174331659375 0.42000595 0.1404092109375 0.3873792125 0.012772701562499999 0.3872244640625 0.012811284375 0.3837450484375 0.026460825 0.42031225 0.18038989375 0.42439940781249996 0.1967825859375 0.4255364734375 0.1964990828125
0 0.459325003125 0.2125316015625 0.45150576875 0.21750053125000002 0.5171634078125 0.513132415625 0.5232855796875 0.5699805875 0.5407733109375 0.632046675 0.5714554875 0.8035463843749999 0.6147169906250001 0.9850943234375 0.6488200671875 0.9765914703125 0.5464993890625001 0.5662056515625 0.5451073484375 0.5202556296874999 0.5427448296875 0.5107800859375 0.5351643953125 0.5126701 0.5285442484375 0.494191515625 0.459325003125 0.2125316015625
0 0.42196003437499996 1 0.30602070625 0.49703507968749994 0.2492846046875 0.3259925921875 0.18028887656249998 0.0654125796875 0.162049090625 0.0689538109375 0.23409316875 0.37809025625000003 0.258627703125 0.5330064890624999 0.3380185140625 0.835278896875 0.3479563734375 0.8509173656250001 0.3851268484375 1 0.42196003437499996 1
0 0.5562318203125 1 0.4882708390625 0.6951580046875 0.44431271250000004 0.5430716999999999 0.45166453593749994 0.528154721875 0.49952494999999997 0.5021313609375 0.49457130156250007 0.470153309375 0.487229665625 0.468964409375 0.46637327968750003 0.490267828125 0.4581070125 0.45307695312499996 0.4469802515625 0.44478012187499993 0.45287890624999994 0.480548390625 0.43652404218749996 0.49972299531250003 0.4310775140625 0.49806159218749996 0.3814799078125 0.274916346875 0.36256447812500003 0.223270809375 0.35238781874999997 0.21071125624999998 0.3511887296875 0.234158771875 0.36299113437499997 0.2976423703125 0.411659015625 0.49283858125 0.40999251875000003 0.5063380484375 0.4012282765625 0.507516759375 0.40548590312500005 0.5165198 0.4012180890625 0.5236226375 0.4068881328125 0.5463639437500001 0.41683108750000003 0.5539494734375 0.436655865625 0.6657558015625 0.5199923046875 1 0.5562318203125 1
0 0 0.509728328125 0.009655546875 0.48628404375 0.0236377046875 0.47373977187499994 0.030974246875 0.48298161093749997 0.091116034375 0.6840732453125 0.09117721250000001 0.6840579921875001 0.04994864375 0.5162948984375 0 0.31596183125 0 0.3526536828125 0.0116066890625 0.397229209375 0 0.4282586390625 0 0.509728328125
0 0.3317080046875 1 0.290656075 0.8229326718750001 0.24557017656250002 0.581552734375 0.260857778125 0.7518584500000001 0.2504270375 0.766536628125 0.2518394546875 0.7802748937499999 0.303458515625 1 0.3317080046875 1
0 0.268800853125 1 0.2068599109375 0.7451924578125 0.20687009843749998 0.7290865796875 0.2319943 0.7006803234375 0.24007780312500002 0.6523677828125 0.236531478125 0.6421809359374999 0.22042050624999998 0.6502236875 0.20976625000000002 0.6438219640625 0.1100577796875 0.2600598765625 0.08710823906250001 0.22049120156250002 0.07927881718749999 0.241566009375 0.07925844062500001 0.273777765625 0.1420301171875 0.6385683890625 0.13089316875 0.646377434375 0.11384737656249999 0.634524090625 0.11171346874999999 0.638075509375 0.14341706406250002 0.6925713499999999 0.182238778125 0.7271761890625 0.20442098125000002 0.856511 0.2375576609375 1 0.268800853125 1