2 0.3466796875 0.59765625 0.3681640625 0.58984375 0.376953125 0.5654296875 0.3662109375 0.552734375 0.328125 0.5537109375 0.306640625 0.1708984375 0.29296875 0.1005859375 0.2841796875 0.0859375 0.2705078125 0.083984375 0.2578125 0.1064453125 0.251953125 0.1455078125 0.255859375 0.4990234375 0.26171875 0.5634765625 0.2578125 0.5810546875 0.2734375 0.6044921875 0.275390625 0.7197265625 0.28515625 0.7939453125 0.283203125 0.8447265625 0.2900390625 0.849609375 0.326171875 0.8486328125 0.328125 0.6865234375 0.3203125 0.6025390625 0.3251953125 0.595703125 0.3466796875 0.59765625
2 0.435546875 0.5498046875 0.458984375 0.5341796875 0.458984375 0.5185546875 0.4453125 0.5068359375 0.4375 0.0986328125 0.42578125 0.0244140625 0.4130859375 0.013671875 0.3984375 0.0634765625 0.392578125 0.1240234375 0.38671875 0.5126953125 0.3798828125 0.5234375 0.3603515625 0.525390625 0.3515625 0.5361328125 0.3623046875 0.546875 0.38671875 0.5498046875 0.388671875 0.8115234375 0.3974609375 0.82421875 0.421875 0.8251953125 0.4345703125 0.8203125 0.4453125 0.8017578125 0.43359375 0.7666015625 0.435546875 0.5498046875
2 0.515625 0.8701171875 0.51953125 0.7626953125 0.513671875 0.7412109375 0.5634765625 0.724609375 0.572265625 0.7099609375 0.5654296875 0.6953125 0.5234375 0.6865234375 0.5234375 0.6611328125 0.5263671875 0.65625 0.5380859375 0.658203125 0.54296875 0.6455078125 0.54296875 0.6259765625 0.52734375 0.6142578125 0.529296875 0.5322265625 0.533203125 0.5146484375 0.552734375 0.4912109375 0.55078125 0.4755859375 0.53515625 0.4677734375 0.55078125 0.1689453125 0.55078125 0.1416015625 0.5380859375 0.134765625 0.52734375 0.1455078125 0.50390625 0.4560546875 0.49609375 0.4775390625 0.490234375 0.5966796875 0.48046875 0.6279296875 0.478515625 0.6689453125 0.4716796875 0.685546875 0.4384765625 0.689453125 0.435546875 0.7041015625 0.4404296875 0.7265625 0.474609375 0.7392578125 0.45703125 0.8310546875 0.455078125 0.9052734375 0.4609375 0.9501953125 0.447265625 0.9951171875 0.4501953125 1 0.501953125 0.9990234375 0.50390625 0.9775390625 0.494140625 0.9501953125 0.50390625 0.9345703125 0.515625 0.8701171875
2 0.7109375 0.9599609375 0.689453125 0.7763671875 0.681640625 0.7607421875 0.673828125 0.7099609375 0.6630859375 0.69921875 0.6640625 0.7080078125 0.654296875 0.7158203125 0.65625 0.7333984375 0.6435546875 0.748046875 0.6083984375 0.7421875 0.5986328125 0.728515625 0.578125 0.7626953125 0.5888671875 0.779296875 0.6181640625 0.78125 0.623046875 0.8037109375 0.63671875 0.8134765625 0.6484375 0.9892578125 0.6533203125 1 0.66796875 0.9990234375 0.6806640625 0.982421875 0.6962890625 0.994140625 0.7080078125 0.994140625 0.7109375 0.9599609375
2 0.673828125 0.5947265625 0.681640625 0.5615234375 0.666015625 0.5400390625 0.658203125 0.4208984375 0.64453125 0.3505859375 0.6484375 0.3271484375 0.6416015625 0.314453125 0.6318359375 0.31640625 0.60546875 0.3427734375 0.58984375 0.3818359375 0.59765625 0.5517578125 0.5859375 0.5751953125 0.6171875 0.6396484375 0.62109375 0.6689453125 0.626953125 0.6748046875 0.6396484375 0.66796875 0.6748046875 0.671875 0.6796875 0.6669921875 0.673828125 0.5947265625
2 0.80859375 0.7197265625 0.802734375 0.6689453125 0.787109375 0.6494140625 0.76171875 0.5556640625 0.76171875 0.5322265625 0.7724609375 0.537109375 0.7763671875 0.529296875 0.7861328125 0.53125 0.7890625 0.5166015625 0.7763671875 0.51953125 0.76953125 0.5146484375 0.76953125 0.4970703125 0.75 0.4619140625 0.7265625 0.3623046875 0.732421875 0.3349609375 0.70703125 0.3076171875 0.681640625 0.1962890625 0.6376953125 0.1484375 0.6162109375 0.140625 0.607421875 0.1533203125 0.607421875 0.1650390625 0.62109375 0.1787109375 0.626953125 0.2392578125 0.6484375 0.3212890625 0.650390625 0.3779296875 0.67578125 0.5283203125 0.6826171875 0.5390625 0.703125 0.5498046875 0.72265625 0.6142578125 0.748046875 0.7490234375 0.76953125 0.8017578125 0.7841796875 0.822265625 0.80078125 0.8251953125 0.82421875 0.8095703125 0.83203125 0.7763671875 0.828125 0.7431640625 0.80859375 0.7197265625
2 0.861328125 0.4794921875 0.861328125 0.4658203125 0.8828125 0.4560546875 0.8828125 0.4404296875 0.853515625 0.4228515625 0.802734375 0.2939453125 0.78125 0.2177734375 0.755859375 0.1650390625 0.7294921875 0.1328125 0.7177734375 0.1328125 0.703125 0.1474609375 0.701171875 0.1904296875 0.716796875 0.2177734375 0.724609375 0.2587890625 0.763671875 0.3525390625 0.791015625 0.4482421875 0.77734375 0.4853515625 0.7822265625 0.4921875 0.7978515625 0.4921875 0.81640625 0.5146484375 0.884765625 0.7138671875 0.91015625 0.7158203125 0.927734375 0.7041015625 0.93359375 0.6806640625 0.90625 0.5888671875 0.861328125 0.4794921875
2 0.8603515625 0.099609375 0.8525390625 0.099609375 0.849609375 0.1181640625 0.85546875 0.1474609375 0.8828125 0.2333984375 0.9208984375 0.220703125 0.92578125 0.2138671875 0.87109375 0.1123046875 0.8603515625 0.099609375
2 1 0.3896484375 0.970703125 0.3154296875 0.9580078125 0.3125 0.9306640625 0.322265625 0.91796875 0.3388671875 0.966796875 0.4541015625 0.982421875 0.5009765625 0.982421875 0.5283203125 1 0.5400390625 1 0.3896484375
2 0.1767578125 0 0.173828125 0.4755859375 0.146484375 0.5029296875 0.138671875 0.5302734375 0.142578125 0.5595703125 0.1640625 0.5810546875 0.16796875 0.5947265625 0.1630859375 0.599609375 0.1318359375 0.59765625 0.126953125 0.6064453125 0.1396484375 0.62109375 0.1748046875 0.6171875 0.1796875 0.6240234375 0.171875 0.6865234375 0.169921875 0.7900390625 0.2080078125 0.83984375 0.228515625 0.8466796875 0.248046875 0.8291015625 0.248046875 0.8037109375 0.2421875 0.6630859375 0.23046875 0.6220703125 0.23046875 0.6064453125 0.2421875 0.5771484375 0.2421875 0.5166015625 0.232421875 0.4892578125 0.22265625 0.0283203125 0.2177734375 0 0.1767578125 0
2 0.0029296875 0 0 0.6298828125 0.0185546875 0.63671875 0.0234375 0.6455078125 0.0234375 0.7099609375 0.04296875 0.7861328125 0.0625 0.7880859375 0.0869140625 0.78515625 0.091796875 0.7783203125 0.0625 0.7099609375 0.056640625 0.6357421875 0.0732421875 0.62109375 0.0888671875 0.62109375 0.1162109375 0.6640625 0.119140625 0.6435546875 0.111328125 0.6201171875 0.0810546875 0.6015625 0.07421875 0.5849609375 0.076171875 0.5263671875 0.06640625 0.4970703125 0.052734375 0.1123046875 0.041015625 0.0380859375 0.04296875 0.0068359375 0.0400390625 0 0.0029296875 0