0 0.7516813640625 0.8225030453125 0.7655780375 0.771482896875 0.7539937875 0.7543085390625001 0.6694735859375001 0.708034259375 0.55507675625 0.661921596875 0.5009136015625 0.633486215625 0.4546843421875 0.5847065375 0.446481090625 0.5552564531249999 0.4015853390625 0.540560559375 0.3847836546875 0.55022756875 0.3795662203125 0.5770689375 0.3786636859375 0.6226561671875 0.3885731171875 0.684272796875 0.3847430625 0.7551568265624999 0.399416446875 0.7769110140625 0.43784206562500005 0.7993028046874999 0.4497181828125 0.7996216078125 0.45195422656249995 0.7881181640625 0.4419370515625 0.70658378125 0.4436657421875 0.6721003859375 0.497456221875 0.7024530062500001 0.6464172546875 0.765232675 0.697172471875 0.8009643437499999 0.7272107171875 0.8306793593749999 0.7387141609375 0.8329154031250001 0.7516813640625 0.8225030453125
0 0 0.6564896578125 0.1403151828125 0.6051762859375 0.1555453640625 0.5882399234375 0.27867088125 0.54850330625 0.3019426984375 0.5311403968749999 0.36004365 0.5086095 0.38033407812500003 0.5065845171875 0.36976453125000003 0.5353700609375001 0.319974575 0.607268796875 0.3182189484375 0.636772753125 0.332411915625 0.6405264265625 0.3522488625 0.62548036875 0.3643899109375 0.6039641765625 0.380203825 0.5533167031249999 0.39580668124999996 0.5344630984375 0.4290868203125 0.45537581875 0.44546195937500005 0.437667171875 0.464980103125 0.43449723125000006 0.47525778281250003 0.4225672421875 0.475576584375 0.41069112499999993 0.44710984218750005 0.3882454609375 0.430653896875 0.39101579218750004 0.41694134531250004 0.40526263125 0.39729295 0.455164759375 0.364089190625 0.4775609765625 0.3067335875 0.49625739218750003 0.28489859375000004 0.4959924625 0.1594831625 0.537273646875 0.13264179375000001 0.5320562125 0.1158131734375 0.536743784375 0 0.578210271875 0 0.6564896578125
0 1 0.4430266125 0.8076588171875001 0.47822589375 0.6924133218749999 0.487659334375 0.63878445625 0.4871833453125 0.5601775921875001 0.47190371875 0.54180440625 0.474301375 0.5370360265625 0.44253444062499997 0.525505646875 0.435318959375 0.4504683328125 0.442619675 0.4359565640625 0.4507421171875 0.42685077812500005 0.4668792609375 0.42701239218750003 0.4967558921875 0.43798597343749995 0.5426619234375 0.4522597484375 0.5613539125 0.45697425625 0.5831619703124999 0.5032035171875 0.63194165 0.5500703812500001 0.65696909375 0.59802833125 0.671265378125 0.5620228796875 0.6005968328125 0.5518754515625 0.5657946359375 0.664458359375 0.5598230015625 0.99512185 0.506706290625 1 0.5051868453125 1 0.4430266125
0 0.59594505 0.5693866953125 0.6011399749999999 0.6091952671875001 0.6732767046875 0.632170790625 0.7195015390624999 0.6093210921875001 0.7186484484375 0.5932378203125 0.7020039515625001 0.5611520828125001 0.59594505 0.5693866953125
0 1 0.31451073125 0.9593230296874999 0.3326144984375 0.8323630312500001 0.3716057671875 0.7474207125000001 0.38891923125 0.679625815625 0.3896690046875 0.662424521875 0.3962738171875 0.651186009375 0.37220278125 0.6106051546875 0.3762527484375 0.562081553125 0.2573882578125 0.5481084984375 0.36509946875 0.556316175 0.4661789328125 0.6092535640625 0.4804482796875 0.660992125 0.485531034375 1 0.37807985624999996 1 0.31451073125
0 0.41894382031250005 0.49220299843750004 0.3992684890625 0.5371256875 0.42610985625 0.5423431203125 0.432126509375 0.5216261484375 0.41894382031250005 0.49220299843750004
0 0.3672833359375 0.5440402984375 0.36812479374999996 0.539711371875 0.32141911093750003 0.4990124859375 0.32277955468749997 0.5380757093749999 0.3299643171875 0.5465356531250001 0.339957934375 0.548478215625 0.36115130156249997 0.5505086234375 0.3672833359375 0.5440402984375
0 0.42218128750000006 0.3117713234375 0.40695110625 0.3287076875 0.385861459375 0.324608275 0.340328103125 0.333664615625 0.2729058796875 0.33249715 0.1505751546875 0.306728784375 0.0350872390625 0.27134728125 0.024306634375 0.331926696875 0.23302092812500003 0.3943831375 0.3733521640625 0.4196710859375 0.36656322812500003 0.4392431015625 0.333067603125 0.478494875 0.3399912171875 0.4838200515625 0.3927131203125 0.4582538921875 0.41768669375 0.40142815 0.42873665625 0.39064311875 0.4509443234375 0.38899080937499997 0.48170097968750003 0.40989190625000005 0.5090183390624999 0.3614804734375 0.5108817078125 0.3518942703125 0.5027592640625 0.3373825015625 0.4850775546875 0.3259868 0.42218128750000006 0.3117713234375
0 0.25508620312499997 0.4584621078125 0.298379996875 0.48150172500000005 0.3007573765625 0.48196384062500003 0.30922242187500004 0.48191805 0.3423453734375 0.44458351562500004 0.3595466671875 0.43797870312500004 0.36502855 0.4246190859375 0.3651212953125 0.4241419546875 0.280486321875 0.4096780015625 0.2589701296875 0.3975369546875 0.23689502031249998 0.404137121875 0.23684385156249999 0.4044003625 0.2465910859375 0.445867578125 0.25508620312499997 0.4584621078125
0 0.519875325 0.2442099953125 0.823369790625 0.0544932125 0.76316305 0.0417953671875 0.48025087656250004 0.2126316109375 0.48837332031249997 0.22714337968749998 0.519875325 0.2442099953125
0 0.31617183125000003 0.25833543593749997 0.326234025 0.20656993906249999 0.3223726078125 0.200845153125 0.3012829609375 0.19674574218750002 0.27870261875 0.2003152921875 0.2507971015625 0.21080845781250002 0.20422652968750002 0.2405548359375 0.1856422828125 0.27474636406249997 0.2100096140625 0.31828167343749997 0.2801752328125 0.33092564687500003 0.310451471875 0.33382623125 0.39044128906250003 0.32151914062500003 0.40577921406249995 0.32450053125 0.4175745234375 0.30988101874999996 0.4286783578125 0.3090548640625 0.4630001375 0.2809069234375 0.44758140625 0.26298721875000003 0.414135225 0.240568490625 0.31747840312500003 0.28743978281250004 0.31617183125000003 0.25833543593749997
0 0.5451001718749999 0.3754579546875 0.51948456875 0.384406553125 0.4851627875 0.41255449375 0.4802910921875 0.43249918281250005 0.5358371984375 0.433347846875 0.5459038171875 0.45321172968749995 0.5547177375000001 0.453930140625 0.5468871609375 0.422562815625 0.5451001718749999 0.3754579546875
0 0.6034973078125 0.2766803625 0.641738803125 0.33584546406250004 0.652312775 0.378689296875 0.6729758765625 0.37474707343749997 0.6955339234375 0.3915674203125 0.696918853125 0.391836621875 0.7273231531250001 0.36640914375 0.7346359234375 0.3492602453125 0.7375396734375 0.3343217453125 0.72625015 0.2388609859375 0.7100860703125 0.22477576093749999 0.682872028125 0.22147556875 0.6495874625 0.22893347187500002 0.6171290515625001 0.24749520937499997 0.6034973078125 0.2766803625
0 0.06419121875 0.17791840625 0.052395907812499996 0.19253791874999998 0.037520575 0.25888734687500004 0.0380445515625 0.2589891984375 0.1608524671875 0.2026764921875 0.59722469375 0.07659247031250001 0.6091771921875 0.020220209375 0.5904043953125 0.019555668749999998 0.27151370625000004 0.12470280625 0.06419121875 0.17791840625