0 0.7460145765624999 0.8268463718750001 0.760799559375 0.776076525 0.7495168062500001 0.758702609375 0.6658170765625 0.710960296875 0.5522424453125 0.66285815625 0.4985838078125 0.6334818296875 0.4532129109375 0.58390276875 0.445524884375 0.554314003125 0.4008924484375 0.538836809375 0.38392461093749997 0.5482091171875 0.378239525 0.5749553406250001 0.3765415203125 0.620519875 0.385374084375 0.6823000640625 0.380307515625 0.7531064546875 0.394599003125 0.7751134140625 0.43262797812500003 0.7981724140625001 0.4444967234375 0.798698434375 0.4469331890625 0.7872357671875 0.43834051093750004 0.705538978125 0.44067075625 0.67109100625 0.49392331718750004 0.7023777765625 0.64176600625 0.7677476125 0.6918898890625 0.8043596390625 0.7214049609375001 0.8345943703125001 0.732867628125 0.837030834375 0.7460145765624999 0.8268463718750001
0 0 0.646820903125 0.1385343859375 0.5988829015625 0.154057828125 0.582214921875 0.277858090625 0.5446331921875001 0.3014293890625 0.527679078125 0.35991470937500003 0.5061656140624999 0.38023738749999997 0.50449505625 0.369167075 0.5330917515625 0.3181298953125 0.6041105828125 0.31585962031250003 0.6335794046875 0.329984915625 0.637580209375 0.35008143125 0.6228826453125 0.3625961390625 0.6015816203125001 0.379291565625 0.5512178515625 0.3952210859375 0.5326394265625 0.42987642031249995 0.454145009375 0.44655812343749995 0.4367248453125 0.46612861875 0.433896025 0.4766129390625 0.4221472234375 0.47713895937500006 0.41027847968750003 0.449068284375 0.38733942187500003 0.4325664953125 0.3898221359375 0.41860739062499996 0.40382748749999997 0.398091075 0.4533791015625 0.36450150468750003 0.4751924234375 0.306828340625 0.4928849984375 0.28500129531249996 0.492239034375 0.158884509375 0.53132513125 0.13213828593750002 0.5256400453125 0.1152304203125 0.530033203125 0 0.5690359265625 0 0.646820903125
0 1 0.45191301250000004 0.8079919703125 0.483598596875 0.6925993906250001 0.491019290625 0.6389870015625 0.4896074203125 0.560658775 0.47295824062499997 0.5422465421875 0.4750348765625 0.5380332984375 0.4431895609375 0.526630603125 0.4357739453125 0.4514773015625 0.44176396718750005 0.4368259859375 0.44963190781250006 0.4274399546875 0.4656076765625 0.4270801265625 0.49548257656250005 0.437250865625 0.5415731312500001 0.45119624687500004 0.5605113859374999 0.4555294328125 0.5823984015625 0.5009003296875 0.6319774625 0.5473232671875 0.657819034375 0.595024409375 0.6729501234375 0.5602577765625 0.601663959375 0.5507192765625 0.566689965625 0.66338925625 0.5626840843750001 0.9949294 0.5153463375 1 0.5138635171875 1 0.45191301250000004
0 0.594719471875 0.5710506 0.59921885 0.6109437718749999 0.6709436156249999 0.63517475625 0.7175601921875 0.6131352718749999 0.716987921875 0.5970395609375 0.7009059343749999 0.5646682234375 0.594719471875 0.5710506
0 1 0.324606465625 0.9621743531250001 0.34065628281250004 0.8345532 0.3774258578125 0.74932165625 0.39325423593750003 0.681524 0.3928207125 0.66421005625 0.3991243140625 0.6533933515625 0.3748608046875 0.612747996875 0.378201921875 0.5663062562500001 0.25850868125000004 0.550455509375 0.3659596234375 0.5568978578125 0.46716693593749997 0.60957815 0.4823579953125 0.6612201234375 0.48834293906250004 1 0.387435721875 1 0.324606465625
0 0.4029726171875 0.5140199609375 0.40049754843749996 0.534759353125 0.4271544546875 0.540425453125 0.42660388749999995 0.49208669687500006 0.4029726171875 0.5140199609375
0 0.3479122984375 0.5485415 0.35908883125 0.5429301093750001 0.37560434374999996 0.5075037890625 0.3144563953125 0.527452915625 0.31890952499999997 0.53938163125 0.3479122984375 0.5485415
0 0.13900102812499998 0.250048459375 0.07555028124999999 0.23855834531250003 0.0548215265625 0.24213934843749998 0.041674578125 0.2523238109375 0.039644190625 0.261876034375 0.0458740984375 0.317112734375 0.0823524578125 0.30989075625 0.102149115625 0.3200889421875 0.1081066125 0.33433418125 0.1088913203125 0.3964005046875 0.14625494375 0.43918583125 0.1497574265625 0.43993030781250003 0.15588652812499998 0.43833778749999996 0.14039053125 0.38911855625 0.141788678125 0.368449771875 0.2808450515625 0.400003875 0.49698111093749997 0.42402023906249997 0.5097505578125 0.3639447140625 0.39098606875 0.3515317484375 0.26831154218750003 0.32745323125 0.2057928921875 0.302183928125 0.1674178109375 0.276056221875 0.1464029203125 0.27158936875 0.13900102812499998 0.250048459375
0 0.277945509375 0.47376682968750006 0.32779698125 0.4693873953125 0.34053785312499996 0.46111337656250007 0.3658534046875 0.426559184375 0.3480271625 0.41178792499999994 0.32347751874999997 0.41455677343749997 0.23982403593749999 0.39477891718749997 0.239644121875 0.40971636718750004 0.252897290625 0.42251721093750005 0.2687993640625 0.46982599843750006 0.277945509375 0.47376682968750006
0 0.5243364484375 0.244595825 0.83109570625 0.060204646875000004 0.7711197421875 0.0464579828125 0.4852691546875 0.2123307078125 0.49313709531249994 0.2269820234375 0.5243364484375 0.244595825
0 0.3204174578125 0.2551639984375 0.33138155 0.20358199531249999 0.3276206328125 0.19779069062500002 0.30660574375 0.19332383749999998 0.28396654374999997 0.1964987640625 0.25588214374999996 0.20650331249999998 0.20879952031250001 0.235432390625 0.18962137968749998 0.269294371875 0.213225203125 0.3132483203125 0.2831594671875 0.3271149265625 0.3133804734375 0.3305434625 0.3935728953125 0.31963426093749997 0.40885645156250006 0.32288288125000003 0.42090511093750005 0.3084714515625 0.432021671875 0.3078392109375 0.46682947500000005 0.28029455625 0.4517258328125 0.26210848593749997 0.41867600781250003 0.23910945625000002 0.3212158890625 0.284286715625 0.3204174578125 0.2551639984375
0 0.5472668609375 0.3762640296875 0.521498984375 0.38476421250000004 0.48669118281249996 0.41230886718750004 0.48147214531250004 0.4321654953125 0.5369949796875 0.43398344375000003 0.5467133937499999 0.4540199875 0.555513434375 0.45489211406249996 0.548231484375 0.423392903125 0.5472668609375 0.3762640296875
0 0.607379009375 0.278520653125 0.6445821078125 0.3383441484375 0.654406740625 0.3813659984375 0.6751354968750001 0.3777849953125 0.697396553125 0.394996471875 0.6987765718750001 0.3952898046875 0.7296200125000001 0.3703968265625 0.7372309593749999 0.353378165625 0.7403949796875 0.33849261875000003 0.7307731953125 0.24284936875000002 0.7148573984375 0.22848418750000002 0.6877050984374999 0.224709546875 0.6542954421875 0.23158541718749998 0.621518028125 0.24957785000000002 0.607379009375 0.278520653125
0 0.1363069890625 0 0.45444843281249997 0.258693675 0.545942409375 0.3590100578125 0.558244678125 0.291738421875 0.5530993359374999 0.27367229375 0.38305097187500003 0.1436797265625 0.2192088734375 0 0.1363069890625 0