0 0.4775390625 0.6796875 0.5361328125 0.69921875 0.6943359375 0.732421875 0.7509765625 0.7578125 0.7861328125 0.78125 0.7978515625 0.78125 0.80859375 0.7685546875 0.8125 0.7158203125 0.7978515625 0.701171875 0.7060546875 0.671875 0.5849609375 0.6484375 0.5263671875 0.630859375 0.4716796875 0.591796875 0.4580078125 0.564453125 0.4111328125 0.55859375 0.396484375 0.5712890625 0.396484375 0.5986328125 0.404296875 0.6435546875 0.42578125 0.7021484375 0.435546875 0.7724609375 0.4541015625 0.791015625 0.49609375 0.8056640625 0.5078125 0.8037109375 0.5078125 0.7919921875 0.482421875 0.7138671875 0.4775390625 0.6796875
0 0.2919921875 0.58984375 0.3115234375 0.568359375 0.3642578125 0.53515625 0.3837890625 0.529296875 0.37890625 0.5595703125 0.34375 0.6396484375 0.34765625 0.6689453125 0.3623046875 0.669921875 0.37890625 0.6513671875 0.38671875 0.6279296875 0.392578125 0.5751953125 0.404296875 0.5537109375 0.421875 0.4697265625 0.4345703125 0.44921875 0.453125 0.4423828125 0.4609375 0.4287109375 0.458984375 0.4169921875 0.4267578125 0.400390625 0.4111328125 0.40625 0.400390625 0.4228515625 0.390625 0.4755859375 0.3623046875 0.50390625 0.3095703125 0.533203125 0.2880859375 0.537109375 0.1728515625 0.6015625 0.1455078125 0.6015625 0.1298828125 0.609375 0.0048828125 0.68359375 0 0.6884765625 0.001953125 0.7861328125 0.0341796875 0.751953125 0.1669921875 0.671875 0.1787109375 0.65234375 0.2919921875 0.58984375
0 1 0.3408203125 0.7978515625 0.419921875 0.6865234375 0.451171875 0.6337890625 0.4609375 0.5537109375 0.4609375 0.5361328125 0.466796875 0.525390625 0.4365234375 0.5126953125 0.431640625 0.4404296875 0.453125 0.427734375 0.4638671875 0.421875 0.4814453125 0.427734375 0.5107421875 0.447265625 0.5537109375 0.46484375 0.5693359375 0.4736328125 0.58984375 0.5283203125 0.62890625 0.5791015625 0.64453125 0.62890625 0.6494140625 0.580078125 0.5869140625 0.5634765625 0.5546875 0.6728515625 0.52734375 0.9873046875 0.412109375 1 0.4052734375 1 0.3408203125
0 0.607421875 0.5498046875 0.6201171875 0.587890625 0.6953125 0.5966796875 0.736328125 0.5654296875 0.732421875 0.5498046875 0.7099609375 0.521484375 0.607421875 0.5498046875
0 1 0.2138671875 0.9794921875 0.2109375 0.9580078125 0.220703125 0.9189453125 0.248046875 0.8017578125 0.310546875 0.7216796875 0.34375 0.6552734375 0.357421875 0.6396484375 0.3671875 0.6240234375 0.345703125 0.5849609375 0.357421875 0.5146484375 0.25 0.521484375 0.3583984375 0.548828125 0.4560546875 0.603515625 0.4599609375 0.6552734375 0.455078125 0.9814453125 0.27734375 1 0.2646484375 1 0.2138671875
0 0.435546875 0.5556640625 0.4375 0.5341796875 0.4189453125 0.5078125 0.408203125 0.5556640625 0.435546875 0.5556640625
0 0.3310546875 0.576171875 0.361328125 0.5791015625 0.37109375 0.5712890625 0.3798828125 0.533203125 0.32421875 0.5654296875 0.3310546875 0.576171875
0 0.4306640625 0.400390625 0.46484375 0.4150390625 0.482421875 0.3623046875 0.482421875 0.3525390625 0.4716796875 0.33984375 0.4521484375 0.33203125 0.3876953125 0.330078125 0.3759765625 0.349609375 0.3544921875 0.349609375 0.3115234375 0.3671875 0.2451171875 0.37890625 0.1201171875 0.376953125 0 0.3642578125 0.0009765625 0.42578125 0.2177734375 0.447265625 0.3603515625 0.4453125 0.357421875 0.4658203125 0.33203125 0.5107421875 0.33984375 0.5146484375 0.38671875 0.4794921875 0.400390625 0.4189453125 0.4091796875 0.40625 0.4306640625 0.400390625
0 0.3330078125 0.4453125 0.3095703125 0.453125 0.2236328125 0.451171875 0.2265625 0.4658203125 0.2421875 0.4755859375 0.267578125 0.5185546875 0.27734375 0.5205078125 0.3251953125 0.505859375 0.3359375 0.4951171875 0.353515625 0.4560546875 0.3330078125 0.4453125
0 0.4365234375 0.234375 0.470703125 0.2451171875 0.732421875 0.0009765625 0.6708984375 0 0.42578125 0.2216796875 0.4365234375 0.234375
0 0.3828125 0.3291015625 0.3935546875 0.326171875 0.421875 0.2919921875 0.4033203125 0.27734375 0.3662109375 0.26171875 0.2802734375 0.326171875 0.2734375 0.2978515625 0.2734375 0.2451171875 0.2685546875 0.240234375 0.2470703125 0.240234375 0.2255859375 0.248046875 0.2001953125 0.263671875 0.16015625 0.3017578125 0.1484375 0.3388671875 0.1806640625 0.376953125 0.251953125 0.3759765625 0.2822265625 0.373046875 0.3583984375 0.345703125 0.3740234375 0.345703125 0.3828125 0.3291015625
0 0.46875 0.4169921875 0.4677734375 0.4375 0.5224609375 0.427734375 0.5361328125 0.4453125 0.544921875 0.4443359375 0.53125 0.4150390625 0.5205078125 0.369140625 0.4970703125 0.3828125 0.46875 0.4169921875
0 0.703125 0.2607421875 0.6953125 0.2294921875 0.6669921875 0.205078125 0.6357421875 0.19140625 0.6083984375 0.189453125 0.58984375 0.2001953125 0.55859375 0.2978515625 0.564453125 0.3251953125 0.58984375 0.3564453125 0.6162109375 0.34375 0.6357421875 0.3515625 0.654296875 0.3115234375 0.703125 0.2607421875
0 0.0185546875 0.01171875 0 0.0087890625 0.0009765625 0.06640625 0.4052734375 0.2734375 0.515625 0.3525390625 0.513671875 0.2841796875 0.5048828125 0.267578125 0.3115234375 0.17578125 0.0185546875 0.01171875